brt_modelling/results/BRT_model_promedio-3.asc
NCOLS 422 
NROWS 720 
XLLCORNER -85.083333333333 
YLLCORNER -60 
CELLSIZE 0.083333333333333 
NODATA_value -9999 
[rows 600 to 623 of 720, columns 275 to 329 of 422]
0.0143670547138029 0.0145238053556458 0.012597114079906 0.0101981275036031 0.0097770381325263 0.0104429001102758 0.0109304802181124 0.0140490076681684 0.0154335904981233 0.0154749427403666 0.0141530487798782 0.0116463424293147 0.0126798003806095 0.012009715260913 0.0167611655721689 0.0162875735567983 0.014162129697399 0.0153362574832538 0.0155566409445 0.0142401747483662 0.015617556175722 0.0155746385636561 0.0155523979493573 0.0155845567475367 0.0179312456391616 0.0164610617531934 0.0161906290944678 0.0162734465937617 0.0162382595369209 0.0162168104905847 0.0175665423842516 0.0179312456391616 0.0162734465937617 0.0160964010077241 0.0169030876127358 0.0162734057317379 0.0149788272407356 0.0177329930831706 0.0180318800935992 0.0222946377762742 0.0182093397176777 0.0115171038962914 0.0126441867907472 0.0127067687543062 0.0123758823691664 0.0121594827168816 0.0118888909008178 0.0126473270917793 0.0127098888300902 0.0126904295848409 0.0125987501858156 0.012857733858141 0.0128120461249714 0.0120297345994845 0.0120279070284074
0.0159521958275517 0.0166436116777069 0.014006152521088 0.0135325691010141 0.00817018395632212 0.010315609235985 0.0128327319514407 0.0129560705930087 0.0154584696640574 0.0156755259593471 0.0152494355291041 0.0143670547138029 0.014676619775891 0.0139464235545283 0.016462197904843 0.0167522625040498 0.0153362574832538 0.0180545730453734 0.0179267266048524 0.0169793145777445 0.0156144060075595 0.0157943376895346 0.0157748067648432 0.0157506776378981 0.0172588951880678 0.0182561369253786 0.0162717791971002 0.0162406081289762 0.0161235106281382 0.0162406081289762 0.0162734465937617 0.0162382595369209 0.0162168104905847 0.0162717791971002 0.016883498972321 0.0164557351791617 0.016478885634194 0.0174286132195066 0.0180195621371383 0.0156686615433516 0.0114957442069966 0.0115026852929824 0.0116113025655566 0.0121703656049237 0.0117145645788811 0.0117101118516711 0.0117132521527032 0.0117296443980975 0.0119314268093855 0.0117829509758408 0.0128176788246303 0.0126548741410881 0.0122955593321409 0.0127990352632956 0.0128176788246303
0.0154584332905328 0.0144605312030431 0.0128145274904592 0.0123332489783348 0.0134918171762328 0.0137366796939285 0.0133500740233663 0.014281425390098 0.0140866989144218 0.0153882960046515 0.0141033748558699 0.014281425390098 0.0142402504902353 0.014092101707888 0.0146227527226218 0.0167686809326946 0.0155760325531461 0.0162045819490266 0.0165239315129617 0.0147102150885204 0.0157807954498289 0.0158614792728524 0.0158377694147481 0.0162734465937617 0.0177458953074753 0.0167670264865581 0.0165350647481146 0.0162383320277405 0.0161235106281382 0.0161676652407938 0.0162383320277405 0.0162196798573176 0.0179312456391616 0.0173612716945734 0.016796559675116 0.0198240102423937 0.0174307626491835 0.017148502739872 0.0162936683227088 0.0151035893214631 0.0119709804859054 0.0118099097576229 0.0117186248468462 0.0118576308861365 0.0119075584561534 0.0157333159284108 0.011988860782404 0.0120709834308184 0.0118609605353911 0.0117296443980975 0.0118192377768124 0.0121355215608976 0.0122323724227752 0.0126439951889476 0.0121402816980839
0.0156190623171283 0.0149845973062155 0.0137089649393841 0.015005619518125 0.0128466744286223 0.0129448074697049 0.0141677600931591 0.0141325482243984 0.014281425390098 0.0142500333758037 0.0141325482243984 0.0141907988726797 0.0141155066791497 0.0143917195809262 0.014256348037506 0.0152669472832038 0.0153830973257725 0.0179347325788482 0.0144585786923954 0.0175650559963203 0.0174317725262536 0.0162060688350461 0.0162060688350461 0.0162168104905847 0.0172588951880678 0.0209393146959542 0.0217086094424039 0.0182561369253786 0.0176164545188027 0.019397964820566 0.0179277497302411 0.0167670264865581 0.0169449483116085 0.0170969348040238 0.0224687646054219 0.0318360106571444 0.0195968428400327 0.0166773337649963 0.0163269870814657 0.0163269870814657 0.0165583214386352 0.0165641519392262 0.0177173963399143 0.0174753599821274 0.0194166676855205 0.0174664436136101 0.0157650026100613 0.0143975699432903 0.0121719597755623 0.0132979154467145 0.0120563886561198 0.0118556613678316 0.0118600734806053 0.012277540967046 0.0128146070575736
0.0128163918281223 0.0136194830140339 0.0134194419484986 0.0141487956308574 0.0162980616585845 0.0156866374275573 0.0154373251722512 0.0154199687295102 0.0169713991871339 0.0143761519849463 0.0143761519849463 0.0142282454547305 0.0142996560699488 0.0153691326305912 0.0142611794200232 0.0142730407535146 0.0141819313176763 0.0141937893275783 0.0180078571342098 0.0163798107533028 0.0191498213459746 0.0175665423842516 0.0181244530243774 0.016883498972321 0.01711184738 0.0216892059345787 0.0206688429484062 0.0192356851109412 0.0184900815555523 0.0172338834516404 0.017394763845682 0.0179402708049414 0.0193917302155901 0.0182093397176777 0.017148502739872 0.0178894497629178 0.0165042797657481 0.0163758488175332 0.0163269870814657 0.0166693827447491 0.0195330489246855 0.0187950524491711 0.0205066893768574 0.0200382825905368 0.0190706220171882 0.0193560933486385 0.0196049468320462 0.0184483135923258 0.0187236482132011 0.0204506766260936 0.0209591970573388 0.0171150350609383 0.0118611988700555 0.0118678099784233 0.0123024835937566
0.0143670547138029 0.0135683586671737 0.0160831895773368 0.0148816051343131 0.0148651792212629 0.0154643568036243 0.0154584332905328 0.0154112183558281 0.0164146817980813 0.0164146817980813 0.0168483731711764 0.0155928201467526 0.0168987101114855 0.0159164265979097 0.0142282454547305 0.0153723737531934 0.0165265293139803 0.0183135342120187 0.0158880933908338 0.0142769187199486 0.0146783912574992 0.0152592841790331 0.0169539801104083 0.0169539801104083 0.01711184738 0.0170395269506144 0.0192618881793465 0.0176106969969073 0.0178153685111702 0.0179976115808889 0.0165523128807464 0.0164195326227593 0.0169030876127358 0.0191574817719754 0.0194590280586693 0.0180135031442518 0.0167561480931496 0.0194590280586693 0.019495668804256 0.0195341798803206 0.0199316230095013 0.0218117216802079 0.0191189298409111 0.0223447929954167 0.0239117028853375 0.0253062071734659 0.022051933936421 0.0204461727229995 0.022879347943311 0.0217199596179638 0.0256514642074365 0.0234960104742791 0.0209618824228438 0.0180499196668313 0.0118556613678316
0.0160464451991559 0.0159256567775465 0.0159169064038644 0.0155888823228009 0.0156703785240257 0.0166436116777069 0.0167522625040498 0.0165594660152772 0.0164237790692247 0.0165674930113052 0.0169899050531514 0.0169845836779371 0.0169845836779371 0.0152825236573608 0.0143270033023254 0.0160203862899163 0.0195879365178558 0.0147086480558266 0.0147251792652443 0.0156705817501121 0.015869682773329 0.0183949739746923 0.0167040571384695 0.0167455899128181 0.0190965044167633 0.0169276535849767 0.0179754002518173 0.0170530625081124 0.0163272541758412 0.0161310518802609 0.0116747290972518 0.0115018244422586 0.014772431674794 0.0166773337649963 0.0178304827977157 0.0167561480931496 0.0180135031442518 0.0194769021493148 0.0194590280586693 0.0174286132195066 0.0172489261409424 0.0187449079653317 0.0187449079653317 0.018781313191197 0.0214202188066651 0.0216965066395336 0.022879347943311 0.0235561913656078 0.0229919321771769 0.0227521506845326 0.0205845165208229 0.0228889401743113 0.0267859959717912 0.020871395132068 0.0170326078608761
0.0154598841437162 0.0154563119452037 0.0156687461296823 0.0162875735567983 0.0167097610298961 0.0168699407791431 0.0152825236573608 0.0152494355291041 0.0135498611853117 0.0152440980373524 0.0152494355291041 0.0143917195809262 0.0155186228317027 0.0159545489813336 0.0155186228317027 0.0161089357610486 0.0163761203840367 0.0144063000566939 0.0167455899128181 0.0167415654621239 0.0167415654621239 0.0167455899128181 0.0187692702586648 0.0179754002518173 0.0191601488055304 0.0176365259332185 0.0169229195341252 0.0172588951880678 0.0164909101354589 0.0114099430400537 0.0117714524217482 0.0121490623173667 0.0115816651741664 0.0163323892483272 0.017108409980735 0.0188546591351185 0.0191140922745134 0.0174286132195066 0.018998428670287 0.0222708303021501 0.0247905118248714 0.0242278082749897 0.0250438527208498 0.0190474067672239 0.0190474067672239 0.0214072937089348 0.023139363276954 0.0267146298218352 0.022009980040207 0.0262369557460839 0.0267859959717912 0.0311001113040998 0.0218893882507146 0.0207747365180885 0.022904683968537
0.0155029883871293 0.0154643568036243 0.0160812007073295 0.0168988834978377 0.0168642228423778 0.0157135100683596 0.0165644544321242 0.0153516208764915 0.0142611794200232 0.0140411619657695 0.0161242140455317 0.015984456176797 0.0180640114222365 0.0160775175804168 0.0180640114222365 0.016503017357813 0.0157596341197535 0.0167380083184452 0.0185120672344669 0.0181158491368342 0.0167040571384695 0.0167455899128181 0.0167578367239484 0.0166217917383867 0.0167040571384695 0.0169221868606271 0.0182561369253786 0.0167040571384695 0.0191498213459746 0.0149131390944792 0.0160680772289957 0.0160323641371103 0.0136338988559034 0.0160312106057304 0.019495668804256 0.0172111284360174 0.0201943766052688 0.018998428670287 0.0176897396346201 0.0149027638189885 0.0235491711098859 0.0189910886969876 0.0202891519113003 0.0192882237663233 0.0191774731548702 0.0228805009162039 0.0264671179200053 0.0258206981951048 0.0217265071191081 0.0236535492715713 0.0237834004647112 0.0261851634352573 0.020558996710692 0.0208659890154455 0.0229919321771769
0.0154650623188858 0.0154671836642149 0.0155853544624667 0.0160463466991535 0.0160463466991535 0.0169573884663913 0.0142110147082791 0.0155186228317027 0.0180640114222365 0.0108396975791035 0.0178475937395565 0.0181002619365017 0.016504431762513 0.0178257785583408 0.0191634723764626 0.0200279465992602 0.0179275570406491 0.0183570754322889 0.0206097109722348 0.0212760841402382 0.0184734257848182 0.0157359422630115 0.0156740157444056 0.0169221868606271 0.0190340074260973 0.0181158491368342 0.0167415654621239 0.0169221868606271 0.0169487828435331 0.017223803565027 0.0173016973970454 0.0173016973970454 0.0182552388311211 0.0193026975330825 0.0193948925147343 0.019495668804256 0.0176034389243237 0.0174809605488076 0.0205455824748126 0.0236602624298465 0.0219458490870067 0.0190279142926052 0.0212031708812284 0.0221818615241469 0.0194424091632111 0.0223730019303662 0.0266959875771466 0.0268724999305524 0.027333353300026 0.0240614487868936 0.026216516799916 0.0267638422099166 0.0238008941265049 0.0270930809400126 0.0258518777279404
0.0155026639488315 0.0155922447417581 0.0160463466991535 0.0170940487520236 0.0145060905054869 0.0141762407046333 0.0155497610942279 0.0148344376328836 0.0181667851771707 0.0141805312491288 0.0207005987707415 0.0214985088303535 0.0186013456253998 0.0112900078445155 0.0140087406908288 0.0143866895439534 0.0348266441081378 0.0303187638751226 0.0301630693066446 0.0168420838463258 0.0217941268575961 0.0214625148314797 0.0191291427777063 0.0216260433303696 0.0191554724163249 0.0191554724163249 0.0191554724163249 0.0192115084551328 0.0193064725392839 0.0215117487352738 0.0216699775048236 0.019847923389238 0.019847923389238 0.0194307305632491 0.0197262250025254 0.0198094589924045 0.0192933426981826 0.0172111284360174 0.0183906710354881 0.0178930967580937 0.0178390175784669 0.0178157283573152 0.0192514198075416 0.0195391292728164 0.0216547194267006 0.0225352967710009 0.0194801510662523 0.0204784988904396 0.0237768009550655 0.0270351712382451 0.0256514642074365 0.026216516799916 0.0270221065901276 0.0230745405563052 0.0232777204499948
0.0155832331171377 0.0156124732222378 0.015587242402987 0.0155705292764782 0.0163728922050322 0.0147086480558266 0.015869682773329 0.0187833175289692 0.0142240470049119 0.0242402420070653 0.022571281386007 0.0143866895439534 0.0159243253980121 0.0143688226841413 0.0173063709605235 0.0140078244699352 0.0143866895439534 0.0167540548447454 0.0277440196208453 0.0138149261881601 0.0304535727402139 0.0209007439993978 0.0208950464964825 0.0308428743130229 0.0209007439993978 0.0212621723703364 0.017195803941327 0.0212758491792389 0.0222852565143019 0.0225894177572636 0.020754820564071 0.0170671058520628 0.0176897396346201 0.0191140922745134 0.0223672742276308 0.0199151210802529 0.0194007777818858 0.0199376803421712 0.0245256510866928 0.0242136830245236 0.0246674252055834 0.0222703345774528 0.022301905237144 0.0236366877259686 0.0234865019543649 0.0205695174737964 0.0219093647785883 0.0244588129947379 0.023832464786196 0.0238270693634632 0.0244588129947379 0.0244588129947379 0.0278999745594594 0.0237863703417548 0.0244256758894949
0.0149434711716648 0.0152263046171316 0.0153107036880731 0.0157781544346549 0.0165599429046867 0.0150474239449604 0.0156667005880713 0.0180300369441234 0.0225518795605241 0.0145857503048299 0.0137495481823369 0.0305088274358649 0.0400034705204977 0.0500315460920459 0.0266293524931425 0.0282563937231764 0.0347446330321497 0.0441212610183476 0.0508906291275005 0.0487279222829038 0.0138748313486646 0.0148791313113375 0.0148791313113375 0.0144819689817118 0.0145434560729578 0.0145550691371677 0.014295341707408 0.0144969200173944 0.0311969277005081 0.0366129215914241 0.0251637493156218 0.0251637493156218 0.0247071843861639 0.0258275647349785 0.0318514524076281 0.0189187921070414 0.0223362270147745 0.0220373422897805 0.0248699332011728 0.0199418815235886 0.0215926214350582 0.0215926214350582 0.0237665389191086 0.022225028726139 0.022011142609497 0.0244588129947379 0.0265400005760996 0.0264739374447988 0.0269168231133025 0.0223698534731927 0.0223192058037988 0.0268909648545265 0.0268909648545265 0.0236941171947401 0.0275965521934836
0.0158651227274055 0.0158902374106808 0.0160683005059653 0.0160593738821291 0.0172851747136172 0.0152022335362281 0.0144509159424084 0.0181158491368342 0.0206335830989047 0.0240673356386741 0.0246124788926715 0.0166879488244475 0.0150885964073371 0.0138660646925883 0.0283674918770088 0.0268050063269046 0.0321202290046005 0.0297608198442243 0.0303998636879312 0.0303998636879312 0.0307070139363431 0.0307912608349975 0.0355915654427521 0.034067319998232 0.0212236949727354 0.0193795342708906 0.0226240009937001 0.0218627770136046 0.0219214145658601 0.0207998095686656 0.0199351874061922 0.0165389719951722 0.0168136238277254 0.0166224231577561 0.0227861070777847 0.0177639408803675 0.0177436705634893 0.0308881245783151 0.0258852180287228 0.0217606980362069 0.0312233438165393 0.0399150585647217 0.0312326152065227 0.0277602640166601 0.0316941575087315 0.0322201620254237 0.0322201620254237 0.0195605766610315 0.0201085488049786 0.0409293533125064 0.0305393987532741 0.033139304613424 0.033139304613424 0.0241271180648118 0.0240044604779322
0.0155868053156501 0.0155820941030443 0.0157762686036212 0.0157379990890327 0.0163365945016439 0.0187300321553946 0.0172588951880678 0.0167040571384695 0.018995950616087 0.0211303810642563 0.0212666927685338 0.020503506413516 0.0137495481823369 0.0240908016435037 0.0349862526716127 0.0375167901794911 0.0268050063269046 0.0263779132776326 0.0355866658554521 0.0348688309130204 0.0280960862261133 0.0323757131268696 0.0323757131268696 0.0375422350074632 0.0361585685261822 0.0362873485881833 0.0367717053276575 0.0365040365470473 0.0445641037704076 0.0559859972363189 0.0701281597436329 0.0622930107050496 0.0622930107050496 0.0619726303766839 0.071793606452691 0.0634371746346782 0.0616371563308911 0.0374553506554096 0.0455261522940682 0.0221662318223193 0.0180010329725103 0.0230492794872706 0.0271900318133026 0.0349268376900098 0.0262774075703573 0.0274918504175587 0.0252988699174588 0.0254235084024856 0.0194826298996891 0.0253210003508689 0.0195229890014648 0.0207658259066855 0.0433394260455005 0.0269714043252722 0.0220819988116938
0.0153221625647359 0.0156560913077325 0.0158949251725092 0.0159310788890756 0.0164909101354589 0.0172588951880678 0.0167578367239484 0.0176487929201656 0.0184734257848182 0.021148671134446 0.0174366083953115 0.0306333591683237 0.0191474239454911 0.0287260769394044 0.0459097606915778 0.0300063291284518 0.0321317388569696 0.0363706290815915 0.0346138036335889 0.0302139648797259 0.0374864733102616 0.0374864733102616 0.0271281743812297 0.0266047312069229 0.0282936377896936 0.0329131767304045 0.0266047312069229 0.0473822441487395 0.0237567816539139 0.0263822304029708 0.0300985242772382 0.0461661283716784 0.0454918053384211 0.0425587241120153 0.0420645418025213 0.0428253752066431 0.0427446624923968 0.0413010857223829 0.0545550096539488 0.032769934901215 0.0479992122765221 0.041319225170769 0.0453442448048489 0.056868155302294 0.0481961248810501 0.0416485136441156 0.0609011725734104 0.0709488020839724 0.0662136098466692 0.0459552429590878 0.0459552429590878 0.0349039501207093 0.0275763498150639 0.0254116056211993 0.0200018670208463
0.015014819619439 0.0153716466344412 0.0160093238983039 0.0157363185174603 0.0164909101354589 0.0169539801104083 0.0166217917383867 0.0173166829537531 0.0221213443293803 0.0207657202163711 0.017041491109968 0.0311211525830063 0.0167221269586035 0.0145434560729578 0.019779035723827 0.0364771037015911 0.0465460615391323 0.0391972374761364 0.0413429683023792 0.039432238125137 0.043906391614156 0.0339019134980532 0.030828245836664 0.0469028494785061 0.0271281743812297 0.03117626064415 0.0261774425647368 0.0366437853465583 0.0387837182593103 0.0331015751320696 0.0387837182593103 0.0371623280528255 0.0325434655298549 0.0512553782457713 0.0285100935250554 0.047532734794978 0.0427206162103375 0.037922070275997 0.0363852832246736 0.028182214756349 -9999 0.276896157530888 -9999 0.0398195473029722 -9999 0.0304321478184259 0.0548011730458943 0.036530465147919 0.0364325204051259 0.0370698052260601 0.0339813796828748 0.0453530058500041 0.0762819876628044 0.0668386444852345 0.0347805345514934
0.0117627955370443 0.0143622521941216 0.0157004465651168 0.0158902374106808 0.0164461092292802 0.01711184738 0.0167270079166363 0.0190264678825947 0.0216615742578241 0.0209007439993978 0.0145045086260145 0.0148005103652314 0.0144819689817118 0.0206152806903918 0.0268108451796224 0.0203898259150456 0.038054246686852 0.0371023470443275 0.0371385573150744 0.0307698278723029 0.0254293824474552 0.0421807074766393 0.0309766149045382 0.0561705632959994 0.0502106842125392 0.0357727828077384 0.0430568356551179 0.0459359452876811 0.0408357161602681 0.0514350818812851 0.0437667403345525 0.0472074479152614 0.0513658878616943 0.0320158332525233 0.0517002793279265 0.0455787160779826 0.0324187251075876 0.0415642505677745 0.0373377328077718 -9999 -9999 -9999 -9999 0.0318514705552922 0.0303730552193285 0.0318514705552922 0.0362578679070772 -9999 -9999 -9999 -9999 0.0286773182453104 0.0377800178317263 0.0419053913774503 0.0456268818328788
0.011855349988106 0.0151143314230043 0.016086687102322 0.0163272541758412 0.0191710909000728 0.0169422125367519 0.0187223191219853 0.0187909848610751 0.0216422661867957 0.0310015835212506 0.0175706451073927 0.0214988703582198 0.0213686686666031 0.0221807222482086 0.0258057383006746 0.0388597493611955 0.0345804372662521 0.056026642325871 0.0562688723463468 0.030032709498751 0.0306829332929028 -9999 -9999 -9999 -9999 -9999 -9999 -9999 -9999 -9999 -9999 -9999 -9999 0.0349364721901429 0.044940336417524 0.044940336417524 0.0511821488638604 0.0278068352999772 -9999 -9999 -9999 -9999 -9999 -9999 0.0359679937131292 0.0313688997584933 0.0313688997584933 0.0277265879375268 0.0314648119972838 0.0419498073276482 0.0317077035349619 0.0313997701674369 0.0466496443383552 0.0426946213833084 0.0276309188624204
0.0155731975609552 0.0158182204772126 0.0162383320277405 0.0181683880838059 0.0187692702586648 0.0191574817719754 0.017108409980735 0.0225894177572636 0.0196131075333487 0.0318360106571444 0.0149638985557936 0.0219122334732409 0.0218690057362884 0.0219293729451035 0.0282778751869764 0.0378612291746787 0.0562688723463468 0.0363706290815915 0.0601058602936279 0.0646486075068256 0.0398256562790949 0.0451836106548531 0.0389473354128377 0.0464319528682363 -9999 -9999 -9999 -9999 -9999 -9999 0.0244888843232397 0.0414526985913203 0.0362696781496018 0.0478409849218858 0.0412026633055771 0.0453879738732629 0.0333882593601891 0.0518634012626867 -9999 -9999 -9999 -9999 -9999 -9999 -9999 -9999 0.0286746726555124 0.0310523421572628 -9999 0.0325755567357634 0.0408838539302294 0.0497034189851323 0.0364886633766589 0.041464410652004 0.0349736774274838
0.0160808109919308 0.0167538181564154 0.0183853612883165 0.0170014111713578 0.017283285128687 0.0175702596802961 0.018998428670287 0.0180318800935992 0.0235379663870151 0.0178874343659022 0.0301076356457657 0.0373046757232246 0.0567647327853924 0.0701281597436329 0.0438108779658868 0.0646620599657403 0.0377793670240511 0.0378318621379352 0.0254171150184919 0.0317859207121953 0.0411545241437062 0.0388648973254287 0.0279380026926136 0.0316389104309587 0.0338796339808888 -9999 -9999 -9999 -9999 -9999 0.0478466871799877 0.0509769324364525 0.0454318235278146 0.0410109416644676 0.039361731780279 0.0546567229548191 0.0378409486063872 0.0381491020891105 -9999 -9999 -9999 -9999 -9999 -9999 -9999 -9999 -9999 -9999 -9999 -9999 0.0515067227490617 0.0325970897558623 0.0538783433674688 0.0407157850787225 0.0379113111533653
0.0114180911236133 0.0148751075142829 0.016448879821164 0.0156531596107142 0.0193789901905233 0.0193401876166376 0.0222852565143019 0.0223074097453656 0.0177958681008001 0.0156894725907469 0.0433287931580984 0.032045352433155 0.0427125975869848 0.0266242316737902 0.0438289234620946 0.0460969348839152 0.0383181541220539 0.0456126440167638 0.0423115070866396 0.0317414735234066 0.0301392696140904 0.0400902667109932 0.02921950745999 0.0299428865765613 -9999 -9999 -9999 -9999 -9999 0.0420495296249592 0.0405603755745452 0.056868155302294 0.0451421231302009 0.0534104125192265 -9999 -9999 -9999 0.0373039493108784 0.0326103697504397 -9999 -9999 -9999 -9999 -9999 -9999 -9999 0.0298169020219273 0.0317396480279082 0.0431088088680706 0.0531731548820089 0.0444804810563429 0.0613470855350462 0.0476765700756547 0.0198011385331311 0.0303873403232937
0.0114143606107585 0.0114953470800552 0.0114953470800552 0.0118427686930458 0.0159811915970095 0.0180263174721594 0.0197527180834271 0.0225003955619037 0.0177958681008001 0.0263337009491 0.0375422350074632 0.027374728947201 0.0407108881271284 0.0395015545712317 0.0336997244474984 0.0525799714975183 0.0395352482837114 0.038342380611376 0.0380204954714137 0.0332071255481675 0.0244676474309536 0.0213878487942112 -9999 0.0399674194879521 0.348610020445006 -9999 -9999 0.0516969422766432 0.0381708392667822 0.0549654564356732 0.0491726060554262 0.0488111363989398 0.0307134805739773 0.0396103911646331 -9999 -9999 -9999 -9999 0.0321814559986426 0.0372663648688108 0.0321802086259416 0.0309829388988757 0.0309829388988757 0.0323990236735609 -9999 0.0326060471241575 0.0431733057049008 0.0467692746527036 0.0427162263892706 0.0462014452875627 0.0762734313406914 0.0276996369716659 0.0197311753762651 0.0303407227700258 0.0295115604885941
0.0114183243568249 0.0114271247277543 0.0114186730893846 0.011491032957866 0.0119304693075859 0.019495668804256 0.0190599534280734 0.0198240102423937 0.0215733809971457 0.0233036207453561 0.0225124940429072 0.0256404111762062 0.025765774735507 0.0237694115875896 0.0275064842195296 0.0346532064579196 0.0354111804285632 0.0509781451554648 0.0507812608767568 0.0405603755745452 0.0366132056262315 -9999 -9999 0.0505752855390032 0.0408830689552571 0.0299864964118395 0.0388648973254287 0.0263196987986464 0.0405339684326228 0.052324058982201 0.03386274823564 0.0298978029910995 -9999 -9999 -9999 -9999 -9999 -9999 -9999 0.0276339732351836 0.0329120477782059 0.0327336899116528 0.0507777214825349 0.044446475525421 0.0505093833973043 0.0508695864412795 0.0437379535765804 0.0419838290882749 0.0748782367438689 0.0474460136088248 0.0274359286713331 0.0200547343841263 0.0495633122856066 0.0296820929562797 0.0251702751511176
