brt_modelling/results/BRT_model_promedio-3.asc
NCOLS 422 
NROWS 720 
XLLCORNER -85.083333333333 
YLLCORNER -60 
CELLSIZE 0.083333333333333 
NODATA_value -9999 
[rows 504 to 527 of 720, columns 110 to 164 of 422]
0.00327287932790159 0.00326986270004633 0.0032846684669638 0.00328365950983711 0.00328470998030735 0.00328365950983711 0.00330286135416038 0.00330239856340927 0.00329754507479407 0.00329501513677066 0.0033023540796328 0.12052741385655 0.233342899971969 0.60221327254263 0.662592275897532 0.765528825816919 0.74402652573301 0.72191146342527 0.730193597697392 0.755837287087471 0.823761350829887 0.880407624007504 0.79180270188473 -9999 -9999 -9999 -9999 -9999 -9999 0.847517830921595 0.733855906653693 0.667565423295391 0.610550511834964 0.604440884991664 0.605989866833908 0.598900888373704 0.606472316982465 0.582752003251845 0.833465479603838 0.899515876164308 0.939243890051483 0.805491440702786 -9999 -9999 -9999 -9999 -9999 -9999 -9999 -9999 -9999 -9999 -9999 -9999 -9999
0.00328571893743403 0.00327564740274253 0.00327462884649153 0.00327564740274253 0.00328365950983711 0.00329752755213643 0.00329855403192075 0.00330056567751877 0.00330056567751877 0.00330056567751877 0.00332360672673895 0.00337049138084081 0.210493504507036 0.587107448148191 0.68647474068831 0.737537780484251 0.734989999268904 0.708103424536788 0.729130361207864 0.70757658019995 0.679813806168309 0.858820446691213 0.885041825087379 -9999 -9999 -9999 -9999 -9999 -9999 0.798583136164123 0.84862927566506 0.76338235679524 0.742134905513445 0.722068720477998 0.621155071711772 0.607659709121873 0.607659709121873 0.61866523615935 0.600226317056388 0.742471832948412 0.854287931990444 0.677738964252756 -9999 -9999 -9999 -9999 -9999 -9999 -9999 -9999 -9999 -9999 -9999 -9999 -9999
0.00330567203582191 0.00330567203582191 0.00329662441405402 0.00330567203582191 0.00330340752053595 0.00329796411693449 0.00329855403192075 0.00330056567751877 0.00330056567751877 0.00333488766645369 0.00335718190299499 0.00350402078267503 0.456616471792921 0.671331630399496 0.693073939663245 0.735074301923432 0.736904235358184 0.725860446281602 0.735590405933494 0.824944503562626 0.881399487438454 0.762517856228571 -9999 -9999 -9999 -9999 -9999 -9999 -9999 -9999 0.886634918878067 0.809588149119459 0.84027629145814 0.780902081655637 0.692489721566744 0.579493625556013 0.673528220312578 0.763653452167276 0.885561729116338 0.859464437213065 0.78202455231119 0.873907844134189 -9999 -9999 -9999 -9999 -9999 -9999 -9999 -9999 -9999 -9999 -9999 -9999 -9999
0.00329609994968824 0.00329450734623063 0.00329450734623063 0.00329897307406117 0.00330056567751877 0.00329897307406117 0.00330056567751877 0.00330158720884709 0.0033282998585533 0.00332966780402242 0.00336391183185979 0.123987328856513 0.601844574965888 0.716411898678167 0.586285119645845 0.681081452122263 0.721136950362124 0.721237514181666 0.736013888141772 0.686145353813595 0.817248620672395 -9999 -9999 -9999 -9999 -9999 -9999 -9999 -9999 0.705326677741408 0.779717328198815 0.869928031812772 0.816081243686754 0.800534595425275 0.685730421451674 0.695721654384942 0.773078110383656 0.61398532660456 -9999 -9999 0.853607647884659 0.947778863770756 -9999 -9999 -9999 -9999 -9999 -9999 -9999 -9999 -9999 -9999 -9999 -9999 -9999
0.00332999134870359 0.00332364202042195 0.0033571066530488 0.00330056567751877 0.00331307484370008 0.00336175597987757 0.00333488766645369 0.00333272833636882 0.00333548705412232 0.00335756732965305 0.00336764511724013 0.210624745870822 0.606577680260846 0.586050138579605 0.598949666133286 0.6660841208409 0.719820964919026 0.735273247142815 0.743628937811064 0.686152672438797 0.831227079950003 -9999 -9999 -9999 -9999 -9999 0.777129336710513 0.88944156180378 0.896616643880018 0.89483578345061 0.817432254181906 0.719603296009157 0.769736843727744 0.722635613350932 0.744370091445378 0.693267574960907 0.594149458992066 0.762182126919279 -9999 -9999 0.839860538506099 0.869464835770822 -9999 -9999 -9999 -9999 -9999 -9999 -9999 -9999 -9999 -9999 -9999 -9999 -9999
0.00334907594534847 0.00332748859314621 0.00333779385779925 0.0033216693430463 0.00333464067553237 0.00333275063422625 0.00335718190299499 0.00335243597543661 0.00336288846674524 0.00336288846674524 0.00335388419396213 0.120444033086935 0.210507564035322 0.211608557158488 0.213591078148316 0.600835924156938 0.686303257566612 0.734151012229547 0.741130737308596 0.794777836681495 0.85395095276534 -9999 -9999 -9999 -9999 -9999 0.905826739784533 0.843365787330831 0.877421707070573 0.867478398848178 0.691284306001271 0.853251719340716 0.800433632883005 0.67350301357439 0.598035726629114 0.640645300392255 0.644379632630165 0.658115585984016 0.86055096257714 -9999 -9999 0.801594549398458 -9999 -9999 -9999 -9999 -9999 -9999 -9999 -9999 -9999 -9999 -9999 -9999 -9999
0.0033595177459984 0.0033595177459984 0.0033595177459984 0.00335813036085826 0.00335674821868944 0.00335674821868944 0.00335404727016453 0.00335443375285827 0.00335106845380026 0.00335106845380026 0.00335443375285827 0.00335443375285827 0.00355621785179964 0.122175709046023 0.120220100907804 0.246019607093411 0.207413161789818 0.457824800744976 0.560108897839785 0.73446495789527 0.822142416161526 -9999 -9999 -9999 -9999 -9999 0.905130698744401 0.87638103840373 0.876368438900654 0.867845458687325 0.376545996764652 0.714720270453007 0.298127377462241 0.761087532661545 0.844478252060669 0.768770276359972 0.819740170792375 0.844718030496272 0.848358562506155 0.845328727165927 0.809826914582191 -9999 -9999 -9999 -9999 -9999 -9999 -9999 -9999 -9999 -9999 -9999 -9999 -9999 -9999
0.00335106845380026 0.00335404727016453 0.00335388419396213 0.00335106845380026 0.00335179903477087 0.00335179903477087 0.00335106845380026 0.00335106845380026 0.00335106845380026 0.0033558973051245 0.00349055033638841 0.120560719803364 0.1437265608742 0.207442167063098 0.567434834115753 0.674384228469941 0.729646365182217 0.729142663613105 0.702545635268056 0.736331813560142 0.857661583640507 -9999 -9999 -9999 -9999 0.897699166499835 0.871911322845751 0.0413893622822226 0.171017390838619 0.359808965516998 0.0214220458205201 0.0545691626045216 0.48198830145467 0.326162724861133 0.468385661714952 0.828946945042258 0.880298824679997 -9999 -9999 -9999 -9999 -9999 -9999 -9999 -9999 -9999 -9999 -9999 -9999 -9999 -9999 -9999 -9999 -9999 -9999
0.00335106845380026 0.00335106845380026 0.00335106845380026 0.00335106845380026 0.00335106845380026 0.00335106845380026 0.00335106845380026 0.00335106845380026 0.00336039415201287 0.00336039415201287 0.00340959838611227 0.258401928763962 0.218158213431349 0.566777883671376 0.742205062669209 0.72712417352387 0.714020851557936 0.750754026471661 0.695077579098925 0.818555121882001 0.816396324655843 -9999 -9999 -9999 -9999 -9999 0.216405388658646 0.828168192060479 0.258633645160532 0.0921737162508241 0.16628099971619 0.156538832741092 0.157615823957827 0.237019567969222 0.448353462751637 0.745902849897563 0.292332883763068 0.264108734471276 -9999 -9999 -9999 -9999 -9999 -9999 -9999 -9999 -9999 -9999 -9999 -9999 -9999 -9999 -9999 -9999 -9999
0.0033660930358486 0.0033660930358486 0.00335975297921458 0.00336039415201287 0.00335106845380026 0.0033558973051245 0.0033558973051245 0.0033558973051245 0.0033660930358486 0.00354167071198388 0.276114500836167 0.207442167063098 0.567361242918089 0.706882248740295 0.730223965039152 0.73257080492397 0.728451453263226 0.722157512698941 0.682474079541605 0.80898487246345 0.800187139336631 -9999 -9999 -9999 -9999 -9999 -9999 -9999 0.266927697749968 0.0655427274390005 0.163406284725676 0.0988569406893398 0.158771329448961 0.241608325216873 0.239374487055529 0.284127281591618 0.304209183510763 -9999 -9999 -9999 -9999 -9999 -9999 -9999 -9999 -9999 -9999 -9999 -9999 -9999 -9999 -9999 -9999 -9999 -9999
0.0033660930358486 0.00336039415201287 0.00336039415201287 0.00336039415201287 0.00336039415201287 0.00336039415201287 0.00336039415201287 0.00336039415201287 0.00336039415201287 0.266018756622041 0.209604857794407 0.559699247209748 0.738002603941092 0.751580719803294 0.737423885803209 0.731946346229526 0.757716171708657 0.789563408137359 0.728513325999299 0.881427813376051 0.826158343275534 -9999 -9999 -9999 -9999 -9999 0.0497376317814776 0.205683430731729 0.228293852939039 0.0540644897190318 0.0284932259366445 0.0301683826553893 0.0252707509974197 0.132547660015229 0.124115042912642 0.411647994490889 0.809014033790742 0.823792616061816 0.344283763028376 -9999 -9999 -9999 -9999 -9999 -9999 -9999 -9999 -9999 -9999 -9999 -9999 -9999 -9999 -9999 -9999
0.00336975952207869 0.00340874533237268 0.00341103326051959 0.00340874533237268 0.00340481226584996 0.00340481226584996 0.00340978617779629 0.00340874533237268 0.00341185971140833 0.00344092538371762 0.190083539065847 0.663091243449921 0.750469189827647 0.708491859524408 0.755024648810903 0.759303131135334 0.752772855751199 0.829699739894199 0.744238912752375 0.830388712554408 -9999 -9999 -9999 -9999 -9999 -9999 -9999 0.0557570905778097 0.0408144810742621 0.0423833513508763 0.0431743839127745 0.0202067022439591 0.0261573653799912 0.0210370503945354 0.122821663426294 0.691428924985358 0.785054410807974 0.871292420922436 -9999 -9999 -9999 -9999 -9999 -9999 -9999 -9999 -9999 -9999 -9999 -9999 -9999 -9999 -9999 -9999 -9999
0.00341752420007417 0.00340874533237268 0.00341390735114024 0.00341390735114024 0.00341252487121428 0.00341390735114024 0.00341252487121428 0.00340874533237268 0.00333783204950606 0.0032075426007888 0.242268983929172 0.570272332955691 0.730838231144787 0.711781146536647 0.710852334178174 0.715644077038892 0.709999033084396 0.699557793813913 0.862736703044444 0.823514768799894 -9999 -9999 -9999 -9999 -9999 -9999 -9999 0.176322649955723 0.1872793079396 0.0800542201296762 0.0206648845370489 0.0261114838608584 0.0334438850396864 0.0256278545639723 0.156406680715807 0.625593851549326 0.432972090814159 0.663915171669902 -9999 -9999 -9999 -9999 -9999 -9999 -9999 -9999 -9999 -9999 -9999 -9999 -9999 -9999 -9999 -9999 -9999
0.0033357931824823 0.00329792081022189 0.00334100128564806 0.00335482751190216 0.0033357931824823 0.0033357931824823 0.0033357931824823 0.00333783204950606 0.00329920663976427 0.00310764631226821 0.203904174233002 0.56316286818505 0.737781004667252 0.755675079121438 0.715644077038892 0.711563228543374 0.831361319561725 0.768043178530563 0.812964640550983 -9999 -9999 -9999 -9999 -9999 -9999 -9999 0.914097056590679 0.790317172010511 0.210600397773023 0.0527833818986815 0.0450536122499748 0.0435559820425788 0.169211548744698 0.152518642323106 0.276529104881017 0.299991889538626 0.089483565739394 -9999 0.628242962983336 -9999 -9999 -9999 -9999 -9999 -9999 -9999 -9999 -9999 -9999 -9999 -9999 -9999 -9999 -9999 -9999
0.00330061715556646 0.00329792081022189 0.0033067326759032 0.00330061715556646 0.0033357931824823 0.00330061715556646 0.00329396862487262 0.00316343059540813 0.115100343272608 0.232578402215596 0.564031933457836 0.555198698886308 0.716880156487359 0.742820499778259 0.738600098835764 0.721608811591697 0.703535638655708 0.866310766614932 0.862654086108726 -9999 -9999 -9999 -9999 -9999 -9999 -9999 0.210563236391948 0.498965868237512 0.0510272312593346 0.0258169026454906 0.0516646204811056 0.15659050349363 0.31530295324552 0.332230769961823 0.313002352427963 0.340672769415235 0.39539731355032 -9999 -9999 -9999 -9999 -9999 -9999 -9999 -9999 -9999 -9999 -9999 -9999 -9999 -9999 -9999 -9999 -9999 -9999
0.00313563336233803 0.00329792081022189 0.00316343059540813 0.00329920663976427 0.00319248389528646 0.00309669307079604 0.00312897129474144 0.00307354239889761 0.572619880885083 0.573734092890018 0.572604078908767 0.577946867488239 0.729562197653156 0.712671482927386 0.741550217407588 0.76350609464159 0.697168003207062 0.829931519605519 0.821929844626866 -9999 -9999 -9999 -9999 -9999 0.0260229208960573 -9999 0.027097387986478 0.0376029042036931 0.041568854143943 0.0268305881847318 0.0639439221803376 0.265974867989987 0.245050980154632 0.235477985899459 0.368571340757075 0.83807661128199 -9999 -9999 -9999 -9999 -9999 -9999 -9999 -9999 -9999 -9999 -9999 -9999 -9999 -9999 -9999 -9999 -9999 -9999 -9999
0.00307848082091588 0.00313563336233803 0.00314338148041582 0.00313563336233803 0.00307965618277199 0.00307965618277199 0.00306156901662086 0.00296642938504083 0.109809050366097 0.194474827170158 0.57080899047739 0.667803705449658 0.742831813878004 0.757250493297381 0.719503389151294 0.715622028525848 0.776138880227523 0.889602361526716 0.824814138461061 0.774857145337404 0.83877492840008 0.428373483778693 0.350306200520857 0.357865581334895 -9999 0.0445299343376973 0.0316466166953384 0.0469482724776888 0.0400670058815396 0.0419039486936677 0.169745464039467 0.145723466732916 0.155457091440512 0.225319079127809 -9999 -9999 -9999 -9999 -9999 -9999 -9999 -9999 -9999 -9999 -9999 -9999 -9999 -9999 -9999 -9999 -9999 -9999 -9999 -9999 -9999
0.00296871563740701 0.00308102473967157 0.00313449180018876 0.00320813623394339 0.00314995012784925 0.00312126373822162 0.003017758830953 0.00301893928435811 0.1913918108138 0.565777839536451 0.712747372844375 0.760294463615141 0.752381583790698 0.756101127088789 0.747541926988467 0.69044797966596 0.7183103226515 0.771696646697822 0.770683622417777 0.432919544297653 0.546933382799437 0.236762572628643 0.302511181875985 0.170221060729923 0.0844475173978084 0.0422244447866855 0.0693959803069994 0.0316841483612982 0.197385050962719 0.199583087698878 0.164536834868 0.294821108963644 0.29815508720196 0.253865354862859 -9999 -9999 -9999 -9999 -9999 -9999 -9999 -9999 -9999 -9999 -9999 -9999 -9999 -9999 -9999 -9999 -9999 -9999 -9999 -9999 -9999
0.00314995012784925 0.00314498073398164 0.00318862246401299 0.00318020116415022 0.00306926765412677 0.00303035150806409 0.00304765785566096 0.19848729607349 0.573537258055067 0.710983638810176 0.77726650583633 0.78090261388897 0.763280344907907 0.885853690950562 0.870540928104316 0.821758713953147 0.806257680185561 0.717813467476683 0.696037124115511 0.635903601582466 0.52966657750732 0.464109800693483 0.276483547175684 0.27652137087409 0.146805254009919 0.149745232104654 0.16427436256363 0.15503306077106 0.167446746005223 0.204762217897828 0.244996556798415 0.344630615704879 0.321741647096695 0.709357402718493 0.829699632400679 -9999 -9999 -9999 -9999 -9999 -9999 -9999 -9999 -9999 -9999 -9999 -9999 -9999 -9999 -9999 -9999 -9999 -9999 -9999 -9999
0.00307851538306254 0.00312126373822162 0.00358823941774828 0.00322972496472794 0.00312750066048979 0.00303035150806409 0.0030470782510007 0.25379928467389 0.584474609643112 0.589821872102364 0.738936040948503 0.76238046399155 0.815221443881624 0.766327475658139 0.610320037427406 0.848585066275683 0.639377024697209 0.711962646567107 0.682471324017213 0.62857788655137 0.505413120194751 0.536666347204846 0.255513664731004 0.278110296362515 0.25846073346931 0.263612218012339 0.273434210117429 0.296291043688922 0.279494865801322 0.337130544066752 0.317354607279202 0.496678288493361 0.42901104931855 0.762652557912291 0.808743018828384 0.858463438943746 0.793409174687779 -9999 -9999 -9999 -9999 -9999 -9999 -9999 -9999 -9999 -9999 -9999 -9999 -9999 -9999 -9999 -9999 -9999 -9999
0.00341620705531365 0.00355489360629109 0.00302328353823643 0.0030470782510007 0.00313889245917285 0.00356780257812813 0.00304998146161501 0.112061307819222 0.260052149763211 0.262024385089544 0.603775330308758 0.707203950698368 0.804501919881347 0.780740976103851 0.774785035269259 0.750912801771829 0.609686503923617 0.58800878586982 0.565995816504806 0.458986975808174 0.172933630747154 0.176005512419371 0.238924396589708 0.244037435235958 0.235170059306995 0.242798659870689 0.297031030186026 0.29331250720281 0.315179330626271 0.383370458033238 0.27621326625967 0.325665393754529 0.855247467657406 0.803638426608445 0.912880793229168 0.627805900786116 0.622915524946311 0.697990871489187 -9999 -9999 -9999 -9999 -9999 -9999 -9999 -9999 -9999 -9999 -9999 -9999 -9999 -9999 -9999 -9999 -9999
0.00375369874336912 0.00355570527645868 0.0035663937880934 0.00355034400552952 0.00309144859807363 0.00302328353823643 0.00355190364440384 0.128363582802437 0.289730005645569 0.284609311888304 0.501410557917697 0.614395540268437 0.768028059678387 0.720711150411104 0.69188543933384 0.764922420049068 0.492849951750308 0.399366237727093 0.358130095023018 0.238924396589708 0.288078103533355 0.205471338252217 0.0628544685958078 0.297151956578624 0.392119956124468 0.767184976693676 0.805525249477575 0.805449966092379 0.763361274275983 0.728584649781471 0.698662845263863 0.686709257410203 0.797629276383689 0.804066017910267 0.854432703510196 0.701486675188193 0.607161573613166 -9999 -9999 -9999 -9999 -9999 -9999 -9999 -9999 -9999 -9999 -9999 -9999 -9999 -9999 -9999 -9999 -9999 -9999
0.00368981839203586 0.00353717727965816 0.0035520576066306 0.00357446244345759 0.0035730713797654 0.0035754921546563 0.00357848211654355 0.132633434304881 0.504024601735923 0.623710491068209 0.704591753052098 0.773704849451959 0.7458285819416 0.734922940209935 0.806695681710275 0.575011201204066 0.658698921214414 0.277436318516099 0.283729906699984 0.198682352645755 0.194083349608356 0.0322274647588442 0.21498097065656 0.459238208624761 0.0370622616567914 0.341919346795945 0.876650991164358 0.883055853836025 0.786669699223625 0.770088953912413 0.759929869501837 0.662278976911584 0.871338249031137 0.892651227520056 0.829457475281234 -9999 -9999 0.604451967583128 -9999 -9999 -9999 -9999 -9999 -9999 -9999 -9999 -9999 -9999 -9999 -9999 -9999 -9999 -9999 -9999 -9999
0.00430740342464744 0.00357800779922944 0.00364652344293122 0.00368950946583087 0.0035520576066306 0.0035520576066306 0.0473259453421822 0.254015824134119 0.657702364810363 0.723415018245998 0.773832978508828 0.755515749457038 0.784338716294586 0.769204588882227 0.663380136038138 0.3162693385986 0.290924694695911 0.318532004289242 0.149112011747457 0.0382604028331985 0.0450046695719155 0.048682979327639 0.0351803973078538 0.0562587335990577 0.0430560500871938 0.0276755700792024 0.0276134964951301 0.917791851497439 0.787043311821224 0.841386921728943 0.774757608018987 0.417536188364059 -9999 0.594778663365394 0.828925824113076 -9999 -9999 -9999 -9999 -9999 -9999 -9999 -9999 -9999 -9999 -9999 -9999 -9999 -9999 -9999 -9999 -9999 -9999 -9999 -9999
