brt_modelling/results/BRT_model_promedio-3.asc
NCOLS 422 
NROWS 720 
XLLCORNER -85.083333333333 
YLLCORNER -60 
CELLSIZE 0.083333333333333 
NODATA_value -9999 
[rows 528 to 551 of 720, columns 220 to 274 of 422]
-9999 -9999 -9999 -9999 -9999 -9999 -9999 -9999 -9999 -9999 -9999 -9999 -9999 -9999 -9999 -9999 -9999 0.682952425293493 0.421460619652101 0.477702872368081 0.378661299924961 0.278570073985362 0.199459639784704 0.174658383045954 0.173292908134291 0.234089566982118 0.234529857462658 0.209099117667711 0.1751476720585 0.0587554886955182 0.166382675606595 0.175028873611241 0.134290657386692 0.0808928444213213 0.165531949348891 0.133137655054333 0.13182509885885 0.165204146332514 0.134199771688882 0.174496246789828 0.170977836582977 0.17536499346677 0.141064639381138 0.133045010686749 0.160611740392547 0.159739260514244 0.16064343605623 0.397394906544223 0.319684070593003 0.409135736832621 0.314887307753505 0.289390859120106 0.150952700459717 0.481089974090109 0.439919487461415
-9999 -9999 -9999 -9999 -9999 -9999 -9999 -9999 -9999 -9999 -9999 -9999 -9999 -9999 -9999 -9999 -9999 0.752754624081109 0.463303169507128 0.32387032737352 0.329039749860743 0.260947775629319 0.178010331325882 0.178219548885899 0.174201466536203 0.230620822438807 0.177868924295377 0.180283540579501 0.17423202311822 0.134153317311717 0.168547120734071 0.160056614024476 0.137583391803563 0.133182013249913 0.13238331991292 0.131728723729221 0.179289729310345 0.171913395191496 0.176434444998103 0.173545172630768 0.176528708316089 0.162899269604751 0.132100478736071 0.142275424689052 0.409259957881126 0.363816549180558 0.168645120433603 0.147517366823647 0.369541890067354 0.405753323374776 0.41926363872896 0.367347186552758 0.184529375073699 0.188342964163861 0.412758620623641
-9999 -9999 -9999 -9999 -9999 -9999 -9999 -9999 -9999 -9999 -9999 -9999 -9999 -9999 -9999 -9999 -9999 0.755866470659337 0.318585505479532 0.332171558254836 0.253564327541444 0.279277613554735 0.252154850452965 0.17739142640284 0.209102976017465 0.188571674932523 0.179956006504708 0.183224978606428 0.222916858109799 0.132975991683603 0.132264392263665 0.159875410890315 0.145108224511084 0.16046338151936 0.149786707888413 0.149750131805197 0.18684011456546 0.175220664294089 0.16839571614312 0.165824931329482 0.165529873959357 0.134757586069171 0.160848428087468 0.146485597832675 0.12965790619593 0.379047736801281 0.188147487661123 0.287575805335144 0.181560997576159 0.310640067102676 0.427460549496492 0.345636155637435 0.442633538009515 0.407770850732804 0.354518807842156
-9999 -9999 -9999 -9999 -9999 -9999 -9999 -9999 -9999 -9999 -9999 -9999 -9999 -9999 -9999 -9999 -9999 0.396248981589691 0.35263010770817 0.396082588839438 0.253915245616576 0.213343814415437 0.215792428928221 0.184972944272808 0.208834738005899 0.199904486201206 0.144519638042021 0.163424155013085 0.16562039817499 0.131857846018266 0.138108311006574 0.13405895497722 0.136606071265614 0.137589859613165 0.148879455622361 0.158074397979839 0.159879255009105 0.195022573457275 0.201937842728887 0.167150253926055 0.131282637586424 0.135673590730632 0.135929140129196 0.158888400111129 0.162041311773848 0.16246325155641 0.176232282167307 0.364631326901635 0.186473627854601 0.185622282996335 0.411417104643672 0.446071568654888 0.327598147394163 0.436222092604275 0.36772350713123
-9999 -9999 -9999 -9999 -9999 -9999 -9999 -9999 -9999 -9999 -9999 -9999 -9999 -9999 -9999 -9999 -9999 0.762520368060441 0.751945307112976 0.324696473645896 0.235527817662402 0.208665034303675 0.204968865855034 0.217820810984532 0.220451686937009 0.163387053070063 0.151176091221473 0.145103826759587 0.144530423159009 0.132444318375343 0.13785064231566 0.138127875558622 0.136338864363447 0.142893387296073 0.187685117166549 0.158383426951619 0.172046505204983 0.173858622743314 0.168153949205784 0.166821511275106 0.13388825640972 0.149085173829473 0.156670690406816 0.155927754267945 0.213977505205782 0.218976022365874 0.175377833998686 0.313514596890352 0.468318261067007 0.250115914966403 0.455588055644725 0.475365725215208 0.46727532187178 0.467192117226039 0.511014129943411
-9999 -9999 -9999 -9999 -9999 -9999 -9999 -9999 -9999 -9999 -9999 -9999 -9999 -9999 -9999 -9999 0.302465946585618 0.787681756326233 0.58892193407986 0.241866446388181 0.2027362310446 0.220482217213892 0.217238080596626 0.154064815621114 0.152259936966266 0.149633626092572 0.13526899270467 0.13526899270467 0.166974392598033 0.13009615677971 0.13217832796208 0.128217485541281 0.144908062695067 0.16078018033904 0.160354846743261 0.158869674790615 0.157440911860603 0.172913529692029 0.15686820012148 0.19056057549727 0.148063246943635 0.37228835855586 0.28715176247734 0.19104543011872 0.219064994190703 0.421904403616579 0.195473498376812 0.240849480854828 0.363103501222325 0.328953175326367 0.376307186689681 0.45470144606034 0.456774880135983 0.518808687661379 0.264607950028317
-9999 -9999 -9999 -9999 -9999 -9999 -9999 -9999 -9999 -9999 -9999 -9999 -9999 -9999 -9999 0.735527863284971 0.672252054050927 0.621721150758725 0.239998499114864 0.233489856978911 0.191029316203923 0.194683453915865 0.204302925910704 0.172075214162749 0.143749344841043 0.174896347119699 0.145498976616929 0.1599233588642 0.215032462035897 0.171661276320761 0.140339366414343 0.13023983041679 0.140073210253722 0.135740872573652 0.155468601080265 0.19278284856756 0.160517920147275 0.169120131684242 0.197553551838263 0.152259545370756 0.167744952114157 0.218802057180416 0.182441582229918 0.203252664390029 0.441447228741401 0.440105193952355 0.19933653719565 0.21443783915587 0.364812489087338 0.601047344738609 0.314836206177089 0.536561442031441 0.524607251454633 0.321943763378636 0.296706246541749
-9999 -9999 -9999 -9999 -9999 -9999 -9999 -9999 -9999 -9999 -9999 -9999 -9999 0.765279278821951 0.724645373189342 0.7531825141411 0.672386393911116 0.32388973883061 0.18921737581637 0.198103758963692 0.182566660494108 0.172535795047326 0.140599467814177 0.189141689843839 0.301507859444538 0.16050589717788 0.161128230103645 0.197354152999689 0.279784451761072 0.146595902414233 0.148516282472778 0.148086182150429 0.168576554698779 0.188919121394747 0.17935057666686 0.200210735795152 0.175538144071461 0.195409069114385 0.193100372829851 0.214557443184583 0.233133519678035 0.219782525410361 0.220066971496439 0.18857193248685 0.233978978552922 0.208156026874917 0.39454419923204 0.337479125841518 0.362774193172828 0.50329630325772 0.382748584517252 0.583945166610945 0.479956819819639 0.367682097335999 0.394057249706348
-9999 -9999 -9999 -9999 -9999 -9999 -9999 -9999 -9999 -9999 -9999 -9999 0.672137088963912 0.74312091876236 0.725387669827954 0.793307064440657 0.707041895129179 0.35823376413302 0.304071543640403 0.186492139347552 0.193875674688979 0.373316771013488 0.162336884998019 0.164671487780708 0.195119748528694 0.162143178053593 0.187169430399414 0.476910616566742 0.242833774400619 0.15800112039217 0.144394928133069 0.188434800610433 0.191949338703156 0.152458592858609 0.186889416565685 0.219398054651669 0.427497940783148 0.370701613223389 0.199630482792304 0.347083364807236 0.467556204101391 0.203170644556616 0.21955213753443 0.247821755283612 0.208101632019366 0.464814433113747 0.361085508638524 0.572692276751772 0.634733263678127 0.479441012708754 0.379644215480906 0.474028740838997 0.502389597219519 0.201838151532578 0.185887453328939
-9999 -9999 -9999 -9999 -9999 -9999 -9999 -9999 -9999 -9999 -9999 -9999 0.740021365448532 0.736700957240027 0.717381029582089 0.498101475038352 0.247807806202287 0.209826531438149 0.304621139185923 0.227532218314036 0.158242954877603 0.171233902902769 0.185127119419066 0.1873651664791 0.219730883011889 0.184050689743498 0.236812056845149 0.240436085632424 0.189082240311548 0.21210349393452 0.183820307150946 0.183687947396562 0.185512700312777 0.196745544834206 0.197668238023416 0.192905292115448 0.233505222175819 0.252061124642207 0.213470484778305 0.23417601173724 0.305492862657735 0.325025472384325 0.330439543580312 0.293165830384442 0.454462532380748 0.407122142750433 0.524171007179866 0.54772812026922 0.527304570317415 0.629225083429485 0.502636952125515 0.538629627501917 0.111468338700018 0.206191773467021 0.269089430771375
-9999 -9999 -9999 -9999 -9999 -9999 -9999 -9999 -9999 -9999 -9999 -9999 0.673875757248765 0.719154794864011 0.709454238038403 0.566947583705396 0.460877067651066 0.349723052848818 0.205908415062067 0.200320658666797 0.506990519489757 0.225501251431757 0.186344009328222 0.233711246885275 0.303195088283533 0.229483348627553 0.221073400527373 0.210843605776032 0.246123941971078 0.190655981782866 0.223359037572687 0.197451983115197 0.263657805086957 0.223843715792187 0.190494078138992 0.226336377896939 0.22592649863044 0.192451277330593 0.20390036255527 0.366212730226661 0.290602842748824 0.303604096627635 0.235700384271498 0.468906038027967 0.549061934457478 0.569191925609277 0.511360955555135 0.575814825223495 0.536272612230475 0.65897140273221 0.353088959449619 0.159134583225967 0.270784285235724 0.224741298758411 0.103651387029277
-9999 -9999 -9999 -9999 -9999 -9999 -9999 0.246776471589096 -9999 -9999 -9999 -9999 -9999 -9999 0.244426588992137 0.357887277820649 0.40797234741121 0.3033764133456 0.186486709913885 0.185063144708974 0.187748113755344 0.184258040383318 0.155679924530039 0.198853010129088 0.292757868354154 0.196791772571996 0.227658931342518 0.332053397219644 0.190118083918312 0.201424228464431 0.438690292622833 0.20225291852769 0.228177890903326 0.32451469320762 0.199457713087809 0.235993998559424 0.210291415283749 0.203267228580206 0.346812493721091 0.421902176240475 0.459276157317966 0.56929130694225 0.500837645789173 0.466326248280996 0.46016071762069 0.501761265675534 0.35109289832564 0.290745868964233 0.481260680477843 0.200294438742789 0.154818179232344 0.301483537594568 0.134691198309729 0.212517378330939 0.120749013403594
-9999 -9999 -9999 0.715765063092162 0.749912908483834 0.759912362596709 0.722054844703225 0.683338544538222 0.780162218589953 0.762827159237242 0.763090964703248 0.757950730422661 0.695787667868709 0.280080998351168 0.133088069360459 0.506692399989969 0.610357439418845 0.305480019602719 0.193040899367442 0.185288235997137 0.192605882279018 0.17709805839412 0.215982263422057 0.283274864500092 0.301554857506031 0.305724739589063 0.327380375466015 0.193457146524949 0.331942503457672 0.21856117219699 0.214971248140643 0.343672361547674 0.307878710130082 0.282838825489393 0.199557403549417 0.241147580319627 0.207059039055405 0.366656633309445 0.468041093870122 0.522169060380363 0.54730751126906 0.597717017367387 0.348106140497991 0.558325446751968 0.356075464965144 0.411799193459366 0.29849260163159 0.378382945703399 0.280776708705244 0.301461829986532 0.216886191401549 0.109351950799049 0.211206403796016 0.0845041865913367 0.062726526633601
-9999 0.168936010774838 0.0307525032806761 0.806053292523737 0.762053270935587 0.702241982712708 0.702262830083674 0.70632306957058 0.730392247184642 0.730479511060918 0.660694856348969 0.625149429120474 0.528430915945626 0.612042194813704 0.648525422470583 0.488597532836193 0.240894609146369 0.249977645427745 0.199872941462612 0.189044551634617 0.195570634250448 0.186480870057504 0.285814342640148 0.356550235888518 0.210915783617205 0.209445602376296 0.386687716176501 0.312906463090103 0.456490604470358 0.249620773823177 0.310327498450484 0.360907063309157 0.325918896479578 0.310770328927111 0.221627468992026 0.229734164731041 0.351571688256131 0.220307102326084 0.539049807143665 0.561763063613677 0.350949382849173 0.349367720523675 0.326314015644748 0.53262384199722 0.25940244491446 0.323115706045003 0.17632503710702 0.157693103248362 0.210130025721423 0.151571473079149 0.118338610710371 0.103677559821105 0.137048221954659 0.157768130739876 0.0584440763988495
0.767245108871525 0.804971059672958 0.819232528543417 0.728516749585323 0.736877863611526 0.694094299110313 0.761266786589577 0.806726448243386 0.425204515631078 0.374447483637326 0.561294645544951 0.475360681656644 0.384408671762511 0.50065815735139 0.391520973259612 0.307413021519868 0.30544539077371 0.308910545885441 0.224777192463233 0.19487158581501 0.231826580093478 0.249051503787669 0.234642582042862 0.607167003468275 0.629833971254799 0.407285392479687 0.33439390671947 0.359384305044286 0.404940384343067 0.20985215206921 0.381994037063401 0.583507484841465 0.344809199139292 0.374411389415458 0.349618748135928 0.322306919448712 0.32880599174742 0.318993452508434 0.559341455723598 0.496543889515562 0.360425784488798 0.341337753622789 0.337106362051712 0.341691944094842 0.287827081727896 0.171914565578343 0.157467282534636 0.155968781152981 0.151009432498831 0.118707845977828 0.143023074772514 0.157858637335885 0.107634025124242 0.0243889782196962 0.0224394054038215
0.750926835323367 0.721944590817888 0.722534486901438 0.767959932297021 0.795414566633363 0.591895336471872 0.313056570885007 0.540066270553453 0.452141717120551 0.57045202724811 0.382765668815854 0.234046043629545 0.369325465531039 0.359046645729223 0.203592759864942 0.197051152165703 0.463964917177101 0.388173486968954 0.464966732378925 0.34338991434069 0.319515289987156 0.191980127809139 0.31183279620305 0.53936632280668 0.49124563484205 0.511062463630806 0.486880849296967 0.367042932915621 0.330033787049555 0.356784274574727 0.580161055283162 0.516761614249039 0.666887880467313 0.563523546071746 0.592177313962646 0.401822967572982 0.527800452595268 0.546034037581855 0.458584380103974 0.432928237680768 0.496166350740992 0.449518526956552 0.398745292362637 0.267910847450903 0.162795669108583 0.244467007899135 0.357469631597678 0.248700940786878 0.157960820798665 0.0656923226587948 0.141688819033985 0.11836953591009 0.0367360371745803 0.01170486976086 0.0292841695735956
0.767938377595504 0.810154227975522 0.704686651508608 0.728366911273033 0.599612137683013 0.506911380358317 0.434729278471726 0.57864199099232 0.428127763032735 0.445047389157879 0.277234554647361 0.203711519731317 0.209976068809626 0.459677307909304 0.27902012236767 0.374294667136443 0.435122798377235 0.485570168139661 0.413055371437801 0.224772575914031 0.215314077113195 0.384865896170455 0.381631347545775 0.491960704549951 0.371288559247947 0.32170064298736 0.354673221561445 0.362588875940833 0.345833496221287 0.466541314051135 0.626771250726876 0.573776640701019 0.499032150485736 0.542191550495968 0.561683953277047 0.546409791828735 0.502107692067409 0.42938613398561 0.646905523878588 0.56609077326712 0.275839416959135 0.266194818171826 0.142387239777571 0.210658993239753 0.163260449766622 0.180181532736092 0.231020225071289 0.116604606994669 0.0911678626291265 0.0906647507074142 0.0630725172301656 0.0137485260955153 0.0109839377129265 0.0140919778153204 0.0108336850810226
0.594926757817937 0.568921432433625 0.576252138479038 0.588160987295792 0.5212696795063 0.438357683449478 0.445871105937652 0.461956727225183 0.425403400026868 0.429968050574234 0.216574277810358 0.312405674979869 0.306635039392014 0.205308289547276 0.357589444545621 0.248398319309806 0.208396750501285 0.222894003069943 0.271819646920528 0.254803949412648 0.262010666808366 0.546842301112493 0.344753649997734 0.632703249752289 0.366085153390045 0.482820728815201 0.487167036878343 0.477937600168675 0.448743639268013 0.44546983298529 0.411943424485022 0.495753459731392 0.436075901802211 0.475630228957448 0.51283568073537 0.556370685038524 0.373798321270755 0.323481401318825 0.338138986799237 0.221053360285628 0.273601910243512 0.150232654535092 0.265623272411236 0.266801577250366 0.111604256129469 0.172635372137813 0.140891263474659 0.0854216927390984 0.0846116554729464 0.11396340014092 0.0196664474204015 0.0151829651214607 0.0110695530476042 0.0120728860215914 0.0121399144093115
0.528956133303632 0.522364522938782 0.525093055816397 0.526078909455974 0.52903043852437 0.519340346840196 0.42891841336346 0.311402296731587 0.313731624801459 0.326060724082502 0.314611311314053 0.321310601262917 0.330567580614744 0.319437869911956 0.557061036592288 0.324588400872429 0.24581798112373 0.415774917800283 0.389162535935438 0.328717716364718 0.560764299510949 0.521935650324565 0.340137120324391 0.343457452637291 0.531225684169612 0.435205721754332 0.453981967080848 0.421570444843681 0.440379873400777 0.441330467605734 0.345515718522069 0.408115762090636 0.435942337125939 0.377224298569938 0.45570722275696 0.403022329398176 0.115247031522711 0.238600920255916 0.176693027196175 0.185619675957652 0.211268802869668 0.224059016375564 0.219572179925471 0.0864242010795046 0.0714413226282238 0.0626042459290557 0.0852881098640894 0.137457700702872 0.124241926880893 0.0265446029506752 0.0149704255283057 0.0146538120682573 0.024357203911285 0.0120138793272305 0.0107465080803935
0.711273558976288 0.531091666212232 0.523544752449885 0.521603037649724 0.524422460104965 0.341557701616384 0.341426420271711 0.314104519052136 0.339536225890019 0.540570296647116 0.478810531762759 0.239009925120457 0.352682368224877 0.370556896796634 0.592717785749125 0.551647882844041 0.469018891351278 0.448630508482624 0.564537777584507 0.38680171561798 0.364653733831461 0.306899085123821 0.350482559715123 0.223848115329659 0.151112656319627 0.115306899385635 0.086538074736672 0.136795751304394 0.22176469440234 0.195951804846969 0.253966571850707 0.100362050178848 0.102561232657205 0.14996823039926 0.150195756582593 0.146364398080448 0.238571785375698 0.168693522902291 0.161092621894546 0.142983776894126 0.113442899944126 0.0870876647231615 0.0982613315165414 0.142345427766378 0.0657758222119191 0.0632209618527401 0.0251371447080356 0.0466224461802877 0.0310149076098195 0.0140217960224194 0.0109356642011744 0.0107116239338822 0.0120138793272305 0.0122230838330499 0.0111962237351239
0.560812800712091 0.529991768765534 0.440045428650785 0.532406186784535 0.542590738501356 0.543293913069894 0.524373108260747 0.507983593310954 0.617430680915872 0.451414045753362 0.514955980364342 0.600773282990756 0.574650549567964 0.468083465460914 0.319884382168669 0.368996596422208 0.506085847294274 0.435529151382823 0.208958718780461 0.231962012397575 0.157537127703934 0.107349739517358 0.117563908065063 0.0840661034932069 0.0801132964917698 0.0726392748421745 0.221513378605105 0.181420793917896 0.0718186557580565 0.169751371686519 0.132915702603814 0.140175830272114 0.151296997361638 0.149890010485099 0.258416085648062 0.169046007781488 0.193031344408527 0.111993746472749 0.0811307369891107 0.0812135033180455 0.0782332343496271 0.0949587901525972 0.0785727013149918 0.0985493171251435 0.0534494444538109 0.0312422199859228 0.0169638021856112 0.0110944406026012 0.0139371307238087 0.0251656360220896 0.0133138228423168 0.01067782807722 0.0108930800554408 0.0124888157161915 0.0255444421175587
0.533449820227773 0.531848068136004 0.336683130618615 0.342410627973181 0.529224673522037 0.523274882353617 0.541102020271722 0.720833391278892 0.622198823159616 0.475096973916191 0.483168040877369 0.476719277928722 0.532127187550176 0.522033034158996 0.422013983242935 0.312787001512711 0.246530223394419 0.23404045793757 0.0448286843470309 0.0665233331076533 0.203971920990164 0.121681058031055 0.0794759473191288 0.0534491699365942 0.0588862911762246 0.0327183334071558 0.071476966087525 0.118054961246159 0.145789914589002 0.127875101327753 0.137260499044798 0.103593278108569 0.0915601053622046 0.064862845395344 0.0712935704767822 0.0982845604653943 0.0867273631906057 0.117673250134219 0.0781515428904583 0.0782332343496271 0.0782330494237332 0.086348916781206 0.101462232596027 0.0247586959867632 0.027109725225374 0.0113853411003156 0.0109434428449757 0.0139127331854929 0.0140855211152499 0.0214774869836118 0.0133928185991174 0.0106830799213366 0.0108520493559773 0.0122138968121282 0.0248839592436184
0.534097410726723 0.529594615988745 0.331130936188741 0.330646367765377 0.350925153037431 0.754039313682756 0.658609494082467 0.468882944510587 0.496221884956571 0.504612411468653 0.489655513253793 0.53627456626784 0.532573396144553 0.574410079531797 0.283977015479574 0.237063476429371 0.109409232187445 0.0642995787375497 0.0658845733296797 0.031191351139779 0.0273696688981675 0.0198058568586963 0.0203340232940505 0.0378785625366938 0.041836170352596 0.0285891090436899 0.0783396353887667 0.0481299124453304 0.0358429604135604 0.0900551761738332 0.0898561446257603 0.136692043867479 0.0629884342808464 0.0804177943188811 0.0635160872530481 0.0947988607963343 0.0713560825968491 0.0335297451323691 0.0259142958922987 0.0255740126675363 0.0174350943089114 0.0173350937022938 0.021412570102472 0.0183963166323815 0.0176531949027099 0.0247079106034983 0.0134784272201487 0.0250016070245884 0.0370001622533316 0.0133022834306348 0.0107014697527471 0.010732626294181 0.0112280530172496 0.0250716174917738 0.0200113090432509
0.389133363754791 0.409862098632568 0.36763393704285 0.453804440826835 0.372333855587151 0.586625705653184 0.524854597037614 0.530615119487511 0.552857983919616 0.550484329272815 0.538714089237311 0.440798067758012 0.442126204649864 0.214305013109632 0.216392148067564 0.12358325215314 0.0931611673544717 0.0524776980228456 0.0991140098049263 0.0294441730523558 0.0366883167293936 0.0259427536254664 0.0115860692126319 0.0151111859003829 0.0129926846024648 0.010365601423441 0.0161955539225549 0.0794780078370393 0.0837714476374078 0.059766637554098 0.0610090197638078 0.0594435044715306 0.0247944616847675 0.0413795014368614 0.0250361146816015 0.0303024494887585 0.0224498399829938 0.0148509405057588 0.0184060149010074 0.0250279906984695 0.0257814154578438 0.0259819238767051 0.0159623965753082 0.0203183338393205 0.0157498404417882 0.0199749695350849 0.0107014697527471 0.022957049379608 0.0144560285900754 0.0106150034339131 0.0106561626118681 0.0108396975791035 0.0122017133997519 0.0120067405561626 0.0251535808775979
