brt_modelling/results/BRT_model_promedio-3.asc
NCOLS 422 
NROWS 720 
XLLCORNER -85.083333333333 
YLLCORNER -60 
CELLSIZE 0.083333333333333 
NODATA_value -9999 
[rows 408 to 431 of 720, columns 330 to 384 of 422]
-9999 -9999 -9999 -9999 -9999 -9999 -9999 -9999 -9999 -9999 -9999 -9999 -9999 -9999 -9999 -9999 -9999 -9999 -9999 -9999 -9999 -9999 -9999 -9999 -9999 -9999 -9999 -9999 -9999 -9999 -9999 -9999 -9999 -9999 -9999 -9999 -9999 -9999 -9999 -9999 -9999 -9999 -9999 -9999 -9999 -9999 0.317675878275786 0.0817145686797485 0.0938957399420309 0.0944325704730761 0.25761609996474 0.168633408192163 0.223369952327154 0.377610400976342 0.33135320055249
-9999 -9999 -9999 -9999 -9999 -9999 -9999 -9999 -9999 -9999 -9999 -9999 -9999 -9999 -9999 -9999 -9999 -9999 -9999 -9999 -9999 -9999 -9999 -9999 -9999 -9999 -9999 -9999 -9999 -9999 -9999 -9999 -9999 -9999 -9999 -9999 -9999 -9999 -9999 -9999 -9999 -9999 -9999 -9999 -9999 -9999 0.0806863686173755 0.0646144638397937 0.0755711532159904 0.0699418395258454 0.0927860994881776 0.123308754614482 0.227814078893125 0.382944020666337 0.364202932648347
-9999 -9999 -9999 -9999 -9999 -9999 -9999 -9999 -9999 -9999 -9999 -9999 -9999 -9999 -9999 -9999 -9999 -9999 -9999 -9999 -9999 -9999 -9999 -9999 -9999 -9999 -9999 -9999 -9999 -9999 -9999 -9999 -9999 -9999 -9999 -9999 -9999 -9999 -9999 -9999 -9999 -9999 -9999 -9999 -9999 -9999 0.18213700869333 0.0953579089321112 0.0960382114215736 0.141459742812701 0.219800910032925 0.315914547078655 0.399282858593997 0.331055992807677 0.23148752762405
-9999 -9999 -9999 -9999 -9999 -9999 -9999 -9999 -9999 -9999 -9999 -9999 -9999 -9999 -9999 -9999 -9999 -9999 -9999 -9999 -9999 -9999 -9999 -9999 -9999 -9999 -9999 -9999 -9999 -9999 -9999 -9999 -9999 -9999 -9999 -9999 -9999 -9999 -9999 -9999 -9999 -9999 -9999 0.0671282534627516 0.0272606498978617 0.47971800633935 0.172433784986602 0.134278033122008 0.137252412900856 0.115850366377909 0.115652100203588 0.378147458921209 0.197405868372634 0.181354156134827 0.235139077060112
-9999 -9999 -9999 -9999 -9999 -9999 -9999 -9999 -9999 -9999 -9999 -9999 -9999 -9999 -9999 -9999 -9999 -9999 -9999 -9999 -9999 -9999 -9999 -9999 -9999 -9999 -9999 -9999 -9999 -9999 -9999 -9999 -9999 -9999 -9999 -9999 -9999 -9999 -9999 -9999 -9999 -9999 -9999 0.0440536616592473 0.0544563198671885 0.0717140547824858 0.106483447530762 0.0733077435701378 0.10347219313216 0.107497580470397 0.253717638542886 0.107374130598259 0.232443053464453 0.255804372207246 0.342063733255564
0.351239742700698 0.124151697108527 0.190425661409057 0.196278352419646 0.183714083105205 0.187738738018646 -9999 -9999 -9999 -9999 -9999 -9999 -9999 -9999 -9999 -9999 -9999 -9999 -9999 -9999 -9999 -9999 -9999 -9999 -9999 -9999 -9999 -9999 -9999 -9999 -9999 -9999 -9999 -9999 -9999 -9999 -9999 -9999 -9999 -9999 -9999 -9999 -9999 0.0917262428628978 0.0669589111597937 0.115353222293292 0.0646264477046388 0.0777684054025022 0.108668490377735 0.211463015708447 0.252921532066828 0.157753695123886 0.195040711948622 0.530454911945343 0.269475253522522
0.253370670854405 0.0530930731386911 0.0624495144149856 0.0918765247845896 0.106095689508464 0.0850650365757075 0.0577797115651458 -9999 -9999 -9999 -9999 -9999 -9999 -9999 -9999 -9999 -9999 -9999 -9999 -9999 -9999 -9999 -9999 -9999 -9999 -9999 -9999 -9999 -9999 -9999 -9999 -9999 -9999 -9999 -9999 -9999 -9999 -9999 -9999 -9999 -9999 0.115577154140986 0.101912218654238 0.107009726277884 0.0938355117744494 0.141534180405877 0.091983047114809 0.0798514581155888 0.119590073998293 0.169595977219476 0.181511362453954 0.221930308644146 0.385267844598191 0.385267844598191 0.342396911288013
0.176510571773974 0.0451025652290697 0.0850734040574287 0.108237475832579 0.0669198373964061 0.0592585910047249 0.0534594107505936 0.0579647317374851 -9999 -9999 -9999 -9999 -9999 -9999 -9999 -9999 -9999 -9999 -9999 -9999 -9999 -9999 -9999 -9999 -9999 -9999 -9999 -9999 -9999 -9999 -9999 -9999 -9999 -9999 -9999 -9999 -9999 -9999 -9999 -9999 -9999 0.102770012264692 0.11588873488135 0.108908926895034 0.134398178423725 0.135860989840188 0.120738732572 0.19602171044761 0.193532300852313 0.180392782324123 0.22874266827134 0.440606562955633 0.334193776997958 0.253935258852524 0.215236523948011
0.121330747951384 0.189925764394684 0.207079230983961 0.210504999912443 0.211118235938629 0.0656378930452588 0.0533273842799587 0.054667816103274 0.0533676930933787 0.0548888686983795 0.0673855298489324 -9999 -9999 -9999 0.539308745638914 -9999 -9999 -9999 -9999 -9999 -9999 -9999 -9999 -9999 -9999 -9999 -9999 -9999 -9999 -9999 -9999 -9999 -9999 -9999 -9999 -9999 -9999 -9999 0.147235643339199 0.098921529126784 0.114937141680154 0.0895307031031815 0.122768628778026 0.203445533311328 0.143359043735595 0.200277191246907 0.219975039133454 0.222857850417648 0.378603042248001 0.302290189948372 0.355211266891503 0.388689967438276 0.217220803899258 0.232275402701954 0.221456563550585
0.104047139584781 0.0781163444903566 0.115989733364187 0.187340561635084 0.0723523275581176 0.174415955838184 0.164542116839112 0.136778718545327 0.0556650086996132 0.0561848346274469 0.06596943801574 0.0625005194075913 0.0613492164112405 0.102239484199709 0.101616285509073 -9999 -9999 -9999 -9999 0.0769557582109909 0.0711787725708452 0.0621369938526328 0.0795627246200304 0.0899186032760314 0.0687721161259178 0.0712475712110958 0.0867454000839043 -9999 -9999 -9999 -9999 -9999 -9999 -9999 -9999 -9999 0.1112410056042 0.106487701949725 0.107699781934023 0.0943818011049397 0.132779394684966 0.140013473945943 0.210366991496385 0.196338600357578 0.327703709628748 0.327703709628748 0.270321371318594 0.417157378623884 0.315311035908244 0.23623312150818 0.343158503319984 0.309870907305481 0.21540424875215 0.226784001985115 0.222475770396275
0.0735382868790614 0.0823531706313093 0.118151494498314 0.110927940772794 0.0849345712321457 0.166187463615506 0.18287234603547 0.166915371602297 0.0530347418481129 0.0529921137166617 0.0556186812617372 0.0561665435501055 0.0552713579756317 0.0531914100056755 0.0702121150637893 0.0583528839804739 0.0676848148508278 0.0537637259905952 0.0927864843694573 0.0598884377634423 0.0576296142314209 0.0763483074907413 0.0777888656632717 0.0945541576370591 0.0945794969209067 0.0903620103047953 0.0831145673930918 0.101564132154875 0.0935980613526058 0.118747608998971 0.207829944070716 -9999 -9999 0.149270909031811 0.0994801331138179 0.131578444582022 0.100343892198203 0.139033931795527 0.195244231296412 0.141464452045898 0.15833079775815 0.236092624042774 0.236445343126506 0.21579377013973 0.219157483397581 0.141809723993838 0.234988695511239 0.203099114030669 0.226626190711283 0.28768166285732 0.235140045190922 0.227678100170699 0.210994225073179 0.210815291015475 0.247517415348307
0.121703631922058 0.121574342434717 0.0844547867695121 0.0710826112459914 0.0564512033500208 0.181453284141943 0.175781380572575 0.174552714249235 0.0533468320364752 0.053665090749236 0.0540139236516842 0.0540381965756539 0.0540576096461752 0.0561848346274469 0.0551967169031218 0.0551593693598137 0.0554098009861369 0.078796645677636 0.0728881934607491 0.0764006934295532 0.0806787745740599 0.0974944276423221 0.0981720417524325 0.103954904710723 0.094951072197839 0.103460404932287 0.0923723620844038 0.10444062344022 0.0852810922783909 0.0861449965679549 0.0912606870603246 0.121743862892013 0.130670896002898 0.108652065461766 0.0876121868704146 0.100434369787001 0.206007255282976 0.214929144082551 0.216636338900458 0.215950570084605 0.232559223937242 0.156488447194241 0.196200955281161 0.202428782051077 0.220135919511292 0.206471515864786 0.154007802352953 0.20297026581876 0.195142271915138 0.414078847798295 0.222639542149238 0.248202540866003 0.211097558794255 0.218100922351575 0.162225577622816
0.125247458507437 0.0802065326447379 0.0649438343773155 0.0573336476419018 0.0614598636788742 0.059022995028903 0.16545260547684 0.150642109006958 0.0539123800894779 0.0532164997796101 0.0541382150259977 0.0539156754076873 0.0531914100056755 0.0624599145786846 0.0588737830607231 0.0566664651002049 0.0748442956723184 0.081751487553718 0.0823201408475547 0.0975340510522082 0.112050819366124 0.0981084287603123 0.112078784175789 0.110871747960568 0.180197274039376 0.112323979105959 0.115473444952631 0.116029986034007 0.108228013061452 0.0944007316235141 0.0910883442355614 0.126995376216421 0.126995376216421 0.141852801719708 0.194122575586613 0.206471515864786 0.219933952222431 0.215460386478488 0.215051046565707 0.21542134889815 0.162502235398764 0.218205924599076 0.138368787214874 0.137494896864661 0.136183005263635 0.194066570533064 0.184111650832541 0.183703701831963 0.186862180356536 0.206407112035997 0.206632728907816 0.205219612735704 0.227181116004211 0.284327633288617 0.260277282079083
-9999 -9999 0.103761291762601 0.0625083102952449 0.0882040224952134 0.20853046864254 0.182171705251884 0.179078572804411 0.143163459647021 0.0540921305327079 0.053088115203377 0.0547829550497389 0.0560284389940163 0.0552117401336174 0.0792687242506052 0.0802864342844113 0.0800186949522948 0.0897731847690091 0.0898045364928784 0.0970409969622875 0.0975214656291019 0.110237994994828 0.113099766458685 0.160230804593988 0.167287794076444 0.134623358224011 0.108808631977981 0.0903764604274331 0.0889742721811341 0.0967532861401458 0.123413396555293 0.131183972498875 0.196719048831784 0.219748315679919 0.219793003691202 0.219978640233713 0.220154506359653 0.219947547003928 0.218698047596327 0.134301716081401 0.134301716081401 0.206521137466587 0.220009856139864 0.219866621131433 0.189653563250014 0.0950279235785575 0.0927879424596938 0.195687751038171 0.189042886050398 0.388045519194596 0.224300358795006 0.226238780970651 0.225826482774904 0.230603420395897 0.154443165772432
-9999 -9999 -9999 0.095545352753647 0.0745158925080004 0.0634286048585008 0.137276643742236 0.0527047615340911 0.0531571762055579 0.0532453412668667 0.0532877244128921 0.0503411936634669 0.0545707507982413 0.0549829424291709 0.061159343511342 0.0748544747669886 0.0730953889141368 0.070339599090656 0.0893372083036901 0.0941281354346828 0.0989590333645249 0.0972668144157647 0.126366711192082 0.139787017987533 0.139154347192384 0.190462418112189 0.12148506499517 0.0959851287457887 0.115988674432394 0.136319106220658 0.109993675051822 0.135053147270755 0.134705266468037 0.212702982263293 0.213973197759956 0.157296821281561 0.203099114030669 0.198517011028289 0.141709060192352 0.174528016715263 0.187580999521637 0.138763906500857 0.140388710328685 0.185091153630083 0.228254633352408 0.283838257391468 0.151270734423886 0.23281525989598 0.23408204300968 0.230982193755529 0.24510813705095 0.157123489354001 0.183237194148531 0.255407297323455 0.567816660781319
-9999 -9999 -9999 -9999 0.0859466879161313 0.0912979778255828 0.058611520374919 0.0599647148797979 0.0598185510275061 0.0583380760746033 0.049589489027668 0.0493280908249791 0.0525990366598383 0.0544905824506524 0.0515126495127492 0.0748432879423564 0.0870200388669981 0.0822603965864141 0.0815570862929509 0.0871247908397243 0.0884047937867308 0.105746935329752 0.129227153152019 0.122711703809491 0.132199224385031 0.127090925925105 0.116802901860684 0.134222823661938 0.185048094656026 0.176099253180755 0.149218064456874 0.139922816952764 0.187580999521637 0.194066570533064 0.228912100392253 0.228795936485616 0.101787448483988 0.127051632453268 0.0900486528938126 0.0900486528938126 0.195296419115797 0.211343027515958 0.18813751845468 0.207787415997252 0.211678884781524 0.250871105628316 0.245532940613539 0.278911472285363 0.267155370683463 0.274023635753947 0.332689666218568 0.43382138536703 0.363415253237244 0.17908448359552 0.482461873662721
-9999 -9999 -9999 -9999 0.133816194763517 0.088943568280163 0.0910472612195439 0.0550441766092452 0.0556188931364227 0.0494502530477783 0.0511627788147959 0.0508108744105919 0.0536802631832578 0.0652959670652389 0.0745883153818122 0.07626447229451 0.0771987836881644 0.0810853938031047 0.0862237311810302 0.0958518582916564 0.119198741127164 0.121398141117363 0.126543844946804 0.131532386030826 0.138724693233769 0.132474317291416 0.120594063882132 0.108650847475984 0.155719537408681 0.149328893129827 0.136164536566885 0.141949357464936 0.187688908002542 0.198627882749118 0.141850191422445 0.139872031143086 0.18528794243497 0.0954076782889075 0.101697768034243 0.154669516082283 0.0897587992120237 0.208548617489995 0.163994836634348 0.226321647351851 0.244264741093738 0.242738036909342 0.335839600962804 0.289379094609766 0.433002898869463 0.293961365569532 0.433214184729951 0.368492271635794 0.239087482791986 0.178547529387232 0.17908448359552
-9999 -9999 -9999 -9999 -9999 0.0876511828509275 0.0562705574050756 0.0521732112462177 0.049281593298646 0.0490638999400388 0.0532000242698357 0.0591591028055374 0.0871747880157503 0.0856347081372025 0.0771270278387433 0.081674699244068 0.0977574034690079 0.0835582099831202 0.109443102733402 0.118708254892524 0.140098654030307 0.137497616823508 0.137843045300873 0.127913915681226 0.120438490671005 0.116655702279063 0.116804368102002 0.0953099437914183 0.0950881528352298 0.0886078988662335 0.0887973811765323 0.142214698880047 0.166578179696121 0.20147016779409 0.176373218643555 0.116251812375907 0.0882259377873055 0.090973262927081 0.0976306785940295 0.142958190542682 0.213999461375461 0.232826798027373 0.161516144512416 0.22664088747684 0.432135481967563 0.316238920240535 0.370405755117088 0.570439146322579 0.401585543345353 0.319351116149052 0.315714530256713 0.400013090152855 0.400541092184656 0.22598240370438 0.528177615513587
-9999 -9999 -9999 -9999 0.0640542989869285 0.0524344639508322 0.0565243015953846 0.0547810520290902 0.0509238657597801 0.0602397755219256 0.0770215542571981 0.0856370753564116 0.0856223366048513 0.0983036881311888 0.0824320483470448 0.094409491655634 0.105883336322689 0.130982407439755 0.128537062715253 0.131754907265488 0.131577536645447 0.140648842048847 0.137555017102152 0.119638569795442 0.114950427896082 0.113633841623496 0.0944206438440157 0.0954965811518221 0.0903028451461886 0.0872917746341999 0.0954965811518221 0.142376015211578 0.137053094233444 0.176994496260944 0.18276919063065 0.0956697010140937 0.0899829629155559 0.115114943626439 0.215890849630975 0.176996228380105 0.257504430413934 0.235425177368381 0.195683069868811 0.236961706230551 0.324831235408892 0.605075453128795 0.55205423019532 0.46946040922665 0.407345852506597 0.581783211883597 0.677972137357457 0.261652577712802 0.345242546838678 0.176686403717151 0.478718966970923
-9999 -9999 -9999 0.10387167509423 0.0997235053421916 0.0557813865157117 0.0550588501600999 0.0499106324125972 0.0509329102869737 0.0769932900978123 0.0847810455324676 0.0859707217505455 0.0876402872418266 0.0899318173480073 0.101734825858828 0.0989780882822407 0.133192016267725 0.136168584767207 0.141858822317763 0.130505574322905 0.119700483916891 0.119700483916891 0.11961169586349 0.119711896789447 0.0954965811518221 0.108021844078411 0.115224720703014 0.0947456264438356 0.0891636974868431 0.114190872971459 0.091300422853382 0.116055720455569 0.109727280711692 0.096622767364081 0.132931995335238 0.129738094825361 0.116117862938612 0.116907948219281 0.161039407590751 0.194190595659786 0.22860425328759 0.308878769545258 0.45441453684817 0.473215522801349 0.422103537156353 0.547118522072945 0.466958771347692 0.339106845119173 0.334957846867119 0.366178102919677 0.609487765349374 0.315751757060704 0.524163657115066 0.490194430334919 0.49743414001827
-9999 -9999 0.10056626436658 0.0526904966366473 0.0539581502972801 0.0507519633961964 0.0498591511802898 0.0481396245440014 0.0567908009989608 0.0748591606390376 0.0766488547197535 0.105384818280935 0.094376843710025 0.111778747091101 0.113469814739843 0.102171865253888 0.106269424636718 0.137132014295592 0.121063018386955 0.119729611027491 0.130499765984416 0.119644010353367 0.113662289117964 0.0946331370796365 0.0946648025587512 0.0946650693582481 0.0897249170389154 0.0903519811838467 0.0958363130606037 0.0920092697008937 0.0902288167588395 0.124180250565966 0.12989788378804 0.213804486859484 0.167504164098785 0.116972787160671 0.119574416663223 0.251897477608539 0.288016821689665 0.313374686214776 0.389457312167119 0.408007193814488 0.516390634501324 0.344490750438882 0.448441126272778 0.449263231222404 0.552782902290836 0.535046712965356 0.510155949551563 0.297479877532863 0.277229555490899 0.271107965337667 0.39314950061124 0.495956482574971 0.492176638594651
-9999 -9999 0.111302031899156 0.0566353993659265 0.0507876637324075 0.0470479767455181 0.0471442638408367 0.0597090095806819 0.057018398494766 0.0766488547197535 0.087504380231448 0.0859727869200473 0.100102336055446 0.0978823784498465 0.101530229562025 0.101389197171322 0.105769229627793 0.123733894796754 0.139843506155946 0.120791684873014 0.120946288728158 0.125325339666927 0.114192521714612 0.115224720703014 0.108314229197943 0.0869710049546945 0.090787407553923 0.0954835418784664 0.128581543318948 0.123831244581093 0.113681902581444 0.11585577122839 0.11585577122839 0.116117862938612 0.107616691290555 0.162193934058362 0.198033991793947 0.249642711456974 0.39258332392277 0.417017495068471 0.372566120303514 0.637706430907512 0.49078115460811 0.627641972104793 0.504745036214633 0.62835675413325 0.407826077634849 0.513424958340453 0.339323017001984 0.621152946164671 0.572237570464819 0.633171442486445 0.587964841962902 0.478237414947056 0.449616159232017
-9999 -9999 0.112335629779 0.10088497538801 0.0509960555026302 0.050846503969623 0.0512709778818377 0.0708160154381659 0.071800999576066 0.0759157612169017 0.0943250478858187 0.102147514517392 0.107164932642197 0.101075854902503 0.0913422636070396 0.0889290109596185 0.0941223866365429 0.107311111481157 0.113584571141958 0.114401005915837 0.130391564786242 0.132582670558948 0.114068314872293 0.094352022491972 0.0894942777909691 0.087234873059303 0.101282086176646 0.151315110802702 0.152255732631568 0.11444096324238 0.134915299752496 0.115114943626439 0.106977543203597 0.125408656067567 0.174881290492259 0.228568678425726 0.288839786122661 0.287789976306238 0.288618857237887 0.568916208965925 0.666589505394381 0.33215044422216 0.522853182350444 0.569307787403982 0.565367686183938 0.654530877960951 0.436372743852474 0.555809076654004 0.430996290080401 0.650724006701363 0.427703734594358 0.608964179261135 0.592197719638081 0.424614050765017 0.395528573851573
-9999 -9999 0.0843836064689024 0.0597316372854905 0.0641217048007211 0.0635214494261175 0.0609750320407195 0.0760014447306799 0.0896957170431169 0.106662466497673 0.107169903489316 0.102167683518217 0.101995576805777 0.0949718565792389 0.0907051372823633 0.0956719447855974 0.0956886644857443 0.0924824850603812 0.135356347620124 0.120765436007057 0.137093897968979 0.131057761044501 0.115883215805244 0.0947326201116887 0.0923642375487263 0.111723030473303 0.142974336164045 0.148138984081883 0.109509569692742 0.128684555053255 0.114190981124343 0.118152998321323 0.166462553074392 0.267142368022443 0.31200466395916 0.298240006949774 0.37200551682151 0.442897373777172 0.433937196324919 0.509431154526209 0.629475611629934 0.521852831135085 0.575735042761488 0.671082825404798 0.562260743801583 0.38090440300254 0.521004698390711 0.519509547449998 0.668168813330916 0.673301779349523 0.60194382782335 0.651166099743126 0.17862977643079 0.495870153759428 0.340472148525225
