brt_modelling/variables/recorte_present_surface_par_mean_bov2_2_tif_tif.asc
ncols         422
nrows         720
xllcorner     -85.083333333333
yllcorner     -60
cellsize      0.083333333333333
NODATA_value  -9999
[rows 528 to 560 of 720, columns 0 to 74 of 422]
-9999 28.535 28.535 28.324 28.373 28.283 28.283 28.395 28.492 28.492 28.371 28.468 28.454 28.454 28.752 28.862 28.862 28.83 28.768 28.843 28.843 28.709 28.831 28.831 28.722 28.826 28.737 28.737 28.673 28.687 28.687 28.817 28.628 28.751 28.751 28.811 28.735 28.687 28.687 28.598 28.805 28.805 28.886 28.786 28.774 28.774 28.78 28.826 28.826 28.837 28.906 28.782 28.782 28.897 28.955 28.955 28.922 29.025 28.955 28.955 29.073 29.13 29.13 28.975 28.991 29.099 29.099 29.172 29.05 29.023 29.023 29.06 29.05 29.05 29.102
-9999 28.234 28.234 28.22 28.372 28.374 28.374 28.175 28.426 28.426 28.365 28.509 28.531 28.531 28.691 28.639 28.639 28.698 28.771 28.681 28.681 28.64 28.625 28.625 28.65 28.723 28.749 28.749 28.805 28.746 28.746 28.696 28.703 28.668 28.668 28.669 28.636 28.636 28.636 28.682 28.815 28.815 28.908 28.756 28.813 28.813 28.631 28.811 28.811 28.648 28.601 28.679 28.679 28.739 28.861 28.861 28.961 28.734 28.922 28.922 29.012 28.879 28.879 28.829 28.923 29.004 29.004 29.019 28.996 28.996 29.002 28.916 29.058 29.058 29.01
-9999 28.258 28.258 28.281 28.319 28.301 28.301 28.37 28.267 28.267 28.313 28.338 28.458 28.458 28.589 28.577 28.577 28.654 28.718 28.745 28.745 28.62 28.527 28.527 28.591 28.675 28.505 28.505 28.538 28.684 28.675 28.675 28.669 28.548 28.548 28.666 28.595 28.628 28.628 28.579 28.823 28.823 28.776 28.756 28.718 28.718 28.734 28.572 28.572 28.695 28.705 28.614 28.614 28.65 28.859 28.859 28.75 28.782 28.762 28.762 28.823 28.739 28.739 28.715 29.036 29.041 29.041 28.943 28.857 28.857 28.949 28.894 28.983 28.983 29.112
-9999 28.257 28.257 28.209 28.182 28.22 28.22 28.21 28.288 28.288 28.208 28.289 28.349 28.349 28.467 28.641 28.641 28.646 28.779 28.632 28.632 28.551 28.484 28.484 28.51 28.52 28.525 28.525 28.466 28.52 28.646 28.646 28.464 28.534 28.534 28.522 28.529 28.474 28.474 28.637 28.565 28.565 28.584 28.601 28.693 28.693 28.593 28.578 28.578 28.518 28.553 28.51 28.51 28.618 28.624 28.624 28.694 28.707 28.698 28.698 28.645 28.769 28.769 28.657 28.781 28.928 28.928 28.811 28.755 28.755 28.892 28.907 28.778 28.778 28.869
-9999 28.078 28.078 28.071 28.223 28.263 28.263 28.249 28.274 28.342 28.342 28.34 28.483 28.483 28.596 28.531 28.553 28.553 28.517 28.421 28.421 28.51 28.434 28.514 28.514 28.482 28.395 28.395 28.36 28.456 28.451 28.451 28.449 28.318 28.318 28.365 28.359 28.435 28.435 28.529 28.6 28.6 28.446 28.52 28.686 28.686 28.565 28.522 28.522 28.36 28.369 28.425 28.425 28.46 28.342 28.342 28.679 28.682 28.764 28.764 28.848 28.751 28.751 28.742 28.655 28.631 28.631 28.758 28.817 28.817 28.645 28.671 28.907 28.907 28.784
-9999 27.987 28.13 28.13 28.074 28.221 28.221 28.076 28.326 28.387 28.387 28.479 28.367 28.367 28.498 28.445 28.454 28.454 28.37 28.424 28.424 28.33 28.492 28.492 28.492 28.37 28.403 28.403 28.335 28.398 28.336 28.336 28.444 28.471 28.471 28.423 28.53 28.408 28.408 28.381 28.373 28.373 28.509 28.474 28.393 28.393 28.445 28.653 28.653 28.389 28.214 28.287 28.287 28.323 28.475 28.475 28.671 28.435 28.534 28.534 28.817 28.632 28.632 28.822 28.508 28.638 28.638 28.669 28.693 28.693 28.835 28.644 28.644 28.734 28.875
-9999 27.954 28.026 28.026 27.962 27.936 27.936 28.234 28.201 28.348 28.348 28.408 28.405 28.405 28.352 28.32 28.338 28.338 28.481 28.308 28.308 28.405 28.38 28.285 28.285 28.522 28.344 28.344 28.557 28.368 28.356 28.356 28.334 28.244 28.244 28.352 28.223 28.287 28.287 28.331 28.388 28.388 28.254 28.406 28.331 28.331 28.422 28.504 28.504 28.439 28.42 28.42 28.367 28.485 28.518 28.518 28.569 28.672 28.672 28.504 28.628 28.77 28.77 28.606 28.566 28.566 28.614 28.554 28.606 28.606 28.65 28.735 28.735 28.845 28.9
-9999 27.817 28.106 28.106 27.938 28.036 28.036 28.174 28.275 28.335 28.335 28.264 28.27 28.27 28.101 28.131 28.359 28.359 28.307 28.285 28.285 28.273 28.261 28.2 28.2 28.212 28.393 28.393 28.314 28.248 28.219 28.219 28.197 28.188 28.188 28.323 28.353 28.344 28.344 28.316 28.293 28.293 28.349 28.326 28.44 28.44 28.322 28.522 28.522 28.509 28.435 28.435 28.384 28.415 28.448 28.448 28.604 28.496 28.496 28.567 28.514 28.54 28.54 28.588 28.507 28.507 28.497 28.634 28.56 28.56 28.588 28.665 28.665 28.713 28.689
-9999 27.858 27.97 27.97 27.82 27.986 27.986 27.921 28.242 28.2 28.2 28.287 28.11 28.11 28.172 28.132 28.121 28.121 28.276 28.094 28.094 28.1 28.141 28.218 28.218 28.292 28.157 28.157 28.191 28.107 27.988 27.988 28.059 28.016 28.016 28.113 28.201 28.298 28.298 28.376 28.286 28.286 28.216 28.322 28.191 28.191 28.352 28.4 28.4 28.407 28.516 28.516 28.404 28.224 28.466 28.466 28.442 28.433 28.433 28.377 28.549 28.567 28.567 28.591 28.559 28.559 28.513 28.459 28.575 28.575 28.478 28.459 28.459 28.593 28.62
-9999 27.652 27.762 27.762 27.831 27.768 27.854 27.854 28.081 28.133 28.133 28.285 28.096 28.221 28.221 28.308 28.335 28.335 28.079 28.233 28.233 28.27 28.144 28.264 28.264 28.229 28.176 28.176 28.115 28.09 28.013 28.013 27.989 28.016 28.016 27.978 28.116 28.133 28.133 28.238 28.307 28.307 28.163 28.167 28.163 28.163 28.291 28.238 28.238 28.289 28.355 28.355 28.309 28.292 28.426 28.426 28.393 28.412 28.412 28.502 28.402 28.428 28.428 28.494 28.458 28.458 28.307 28.423 28.428 28.428 28.515 28.551 28.551 28.482 28.378
-9999 27.683 27.694 27.694 27.788 27.871 28.034 28.034 27.933 28.014 28.014 28.043 28.052 28.039 28.039 28.158 28.217 28.217 28.236 28.152 28.152 28.127 28.089 28.095 28.095 28.091 28.038 28.038 27.944 28.018 27.862 27.862 28.004 28.112 28.112 28.026 28.133 28.067 28.067 28.255 28.084 28.084 28.176 28.184 28.2 28.2 27.983 28.229 28.229 28.265 28.262 28.262 28.259 28.308 28.344 28.344 28.324 28.264 28.264 28.372 28.294 28.46 28.46 28.302 28.26 28.26 28.345 28.445 28.373 28.373 28.417 28.423 28.423 28.616 28.511
-9999 27.779 27.705 27.705 27.799 27.785 27.887 27.887 27.962 27.931 27.931 27.967 28.135 28.064 28.064 27.938 28.036 28.036 27.992 28.024 27.94 27.94 27.99 28.025 28.025 28.101 28.071 28.071 28.076 27.779 27.808 27.808 28.009 27.948 27.948 27.873 28.056 28.19 28.19 28.142 28.137 28.137 28.172 28.116 28.081 28.081 28.094 28.24 28.24 28.037 28.339 28.339 28.248 28.307 28.295 28.295 28.228 28.309 28.309 28.252 28.275 28.292 28.292 28.469 28.207 28.207 28.208 28.419 28.419 28.359 28.46 28.458 28.458 28.405 28.394
-9999 27.623 27.724 27.762 27.762 27.837 27.787 27.787 27.777 27.839 27.839 27.937 28.02 27.967 27.967 28.051 27.774 27.774 27.835 27.77 27.936 27.936 27.82 27.967 27.967 28.028 28.043 27.969 27.969 27.904 27.897 27.897 27.876 27.907 27.907 27.85 27.884 27.895 27.895 27.894 28.095 28.095 27.977 28.026 28.014 28.014 28.025 28.114 28.114 28.005 28.055 28.055 28.076 28.178 28.345 28.345 28.112 28.052 28.052 28.155 28.183 28.27 28.27 28.085 28.171 28.171 28.077 28.142 28.142 28.241 28.457 28.331 28.331 28.498 28.466
-9999 27.846 27.73 27.832 27.832 27.717 27.902 27.902 27.685 27.615 27.805 27.805 27.846 27.795 27.795 27.746 27.929 27.929 27.841 27.888 27.771 27.771 27.86 28.016 28.016 27.948 28.109 27.963 27.963 28.002 27.894 27.894 27.976 27.913 27.913 27.93 27.884 27.856 27.856 28.06 27.878 27.878 28.039 27.89 27.922 27.922 27.81 27.979 27.979 28.011 27.994 27.994 28.189 28.372 28.247 28.247 28.113 28.063 28.063 28.011 28.193 28.133 28.133 28.283 28.134 28.134 28.173 28.064 28.064 28.041 28.353 28.479 28.479 28.599 28.394
-9999 27.821 27.728 27.769 27.769 27.584 27.7 27.7 27.734 27.69 27.548 27.548 27.668 27.873 27.873 27.859 27.757 27.831 27.831 27.799 27.911 27.911 27.873 27.939 27.939 27.712 27.764 28.008 28.008 27.925 28.055 28.055 28.122 28.04 28.04 28.038 28.021 27.801 27.801 27.856 27.857 27.857 27.628 27.939 27.923 27.923 27.855 27.945 27.945 28.046 28.044 28.044 28.224 28.396 28.106 28.106 28.137 27.962 27.962 27.977 28.015 28.132 28.132 28.069 28.12 28.12 28.137 28.171 28.171 28.262 28.25 28.264 28.264 28.446 28.378
-9999 27.605 27.6 27.645 27.645 27.709 27.643 27.745 27.745 27.603 27.53 27.53 27.713 27.753 27.753 27.722 27.885 27.895 27.895 27.871 27.943 27.943 27.827 27.849 27.849 27.764 27.835 27.767 27.767 27.769 27.897 27.897 27.994 28.107 28.107 28.068 27.87 27.883 27.883 27.911 27.678 27.678 27.881 27.891 27.917 27.917 28.08 28.057 28.057 27.937 28.047 28.047 27.914 28.227 28.1 28.1 27.866 27.995 27.995 27.955 28.082 28.082 28.033 28.137 28.194 28.194 28.081 28.225 28.225 28.142 28.322 28.285 28.285 28.149 28.291
-9999 27.587 27.588 27.572 27.572 27.618 27.54 27.553 27.553 27.692 27.545 27.545 27.661 27.711 27.711 27.794 27.847 27.907 27.907 27.852 27.852 27.852 27.937 27.811 27.811 27.773 27.764 27.685 27.685 27.877 27.756 27.756 27.785 27.902 27.865 27.865 27.933 27.933 27.933 27.782 27.855 27.855 27.885 27.9 27.945 27.945 27.969 28.038 28.038 28.039 28.062 28.062 27.932 27.911 28.08 28.08 28.089 28.033 28.033 28.065 28.125 28.125 28.192 28.022 28.175 28.175 28.214 28.169 28.169 28.169 28.23 28.172 28.172 28.232 28.078
-9999 27.355 27.401 27.491 27.491 27.636 27.647 27.556 27.556 27.494 27.638 27.638 27.748 27.455 27.664 27.664 27.689 27.701 27.701 27.89 27.928 27.928 27.747 27.765 27.895 27.895 27.719 27.787 27.787 27.745 27.945 27.945 27.825 27.743 27.829 27.829 27.795 27.964 27.964 27.906 27.88 27.88 27.696 27.758 27.843 27.843 27.865 27.959 27.959 27.953 28.134 28.134 28.133 27.963 27.957 27.957 28.019 28.006 28.006 28.006 28.026 28.026 27.958 27.993 28.033 28.033 28.134 28.073 28.073 28.11 28.032 28.032 28.094 28.129 28.125
-9999 27.375 27.301 27.431 27.181 27.181 27.464 27.495 27.495 27.644 27.63 27.63 27.642 27.585 27.429 27.429 27.621 27.654 27.654 27.79 27.838 27.838 27.773 27.772 27.689 27.689 27.697 27.706 27.706 27.894 27.871 27.871 27.897 27.95 27.839 27.839 27.749 27.721 27.721 27.907 27.905 27.905 27.778 27.745 27.835 27.835 27.861 27.979 27.979 28.027 28.111 28.111 27.917 27.968 27.867 27.867 27.997 28.039 28.039 27.912 27.885 27.885 27.823 28.009 28.087 28.087 27.998 28.037 28.037 27.905 27.934 27.934 28.127 28.037 28.04
-9999 27.306 27.306 27.382 27.186 27.186 27.237 27.553 27.553 27.606 27.655 27.633 27.633 27.477 27.65 27.65 27.681 27.669 27.669 27.78 27.915 27.915 27.788 27.702 27.567 27.567 27.775 27.915 27.915 27.891 27.928 27.928 27.939 27.968 27.82 27.82 27.696 27.723 27.723 27.764 27.854 27.854 27.824 27.824 27.918 27.918 27.896 28.068 28.068 28.065 27.968 27.968 27.829 27.984 28.004 28.004 27.875 27.94 27.94 27.905 27.845 27.845 27.936 28.076 28.002 28.002 28.06 28.104 28.104 27.852 27.869 27.869 27.985 27.966 27.959
-9999 27.377 27.377 27.224 27.245 27.245 27.452 27.324 27.324 27.494 27.532 27.571 27.571 27.488 27.581 27.581 27.775 27.812 27.812 27.728 27.801 27.808 27.808 27.677 27.78 27.78 27.709 27.927 27.927 27.947 27.861 28.01 28.01 27.813 27.715 27.715 27.845 27.831 27.831 28.014 27.817 27.829 27.829 27.92 27.935 27.935 28 28.105 28.105 28.066 27.901 27.901 27.907 27.855 27.819 27.819 27.899 27.815 27.815 27.834 27.84 27.84 27.742 27.855 27.948 27.948 27.996 27.887 27.887 28.008 27.918 27.918 28.044 27.995 27.993
-9999 27.446 27.446 27.301 27.3 27.3 27.48 27.468 27.602 27.602 27.337 27.359 27.359 27.399 27.596 27.596 27.452 27.565 27.565 27.478 27.665 27.72 27.72 27.769 27.592 27.592 27.819 27.815 27.815 27.857 27.858 28.016 28.016 27.855 27.883 27.883 27.791 27.669 27.669 27.862 27.943 27.882 27.882 27.986 27.853 27.853 27.724 27.903 27.903 27.919 27.973 27.973 27.893 27.89 27.798 27.798 27.794 27.82 27.82 27.835 27.973 27.973 27.761 27.849 27.851 27.851 27.902 27.901 27.901 27.862 27.851 27.851 28.07 28.074 28.012
-9999 27.153 27.153 27.427 27.535 27.535 27.332 27.613 27.574 27.574 27.425 27.396 27.396 27.521 27.526 27.526 27.573 27.413 27.635 27.635 27.543 27.679 27.679 27.666 27.57 27.57 27.549 27.555 27.555 27.686 27.997 27.761 27.761 27.853 27.689 27.689 27.621 27.629 27.629 27.799 27.851 27.715 27.715 27.572 27.58 27.58 27.813 27.858 27.858 28.035 27.863 28.108 28.108 27.86 27.955 27.955 27.89 27.942 27.942 27.908 27.91 27.91 27.978 27.851 27.801 27.801 27.818 27.739 27.739 27.626 27.808 27.808 27.855 27.921 27.911
-9999 27.218 27.218 27.376 27.419 27.486 27.486 27.456 27.545 27.545 27.502 27.546 27.546 27.479 27.557 27.557 27.621 27.417 27.584 27.584 27.589 27.657 27.657 27.541 27.579 27.579 27.513 27.471 27.585 27.585 27.709 27.767 27.767 27.835 27.646 27.646 27.477 27.635 27.635 27.788 27.818 27.634 27.634 27.652 27.671 27.671 27.678 27.678 27.678 27.844 27.936 28.053 28.053 27.943 27.842 27.842 27.962 28.126 28.126 28.075 27.811 27.811 27.752 27.771 27.846 27.846 27.65 27.711 27.711 27.578 27.746 27.746 27.849 27.835 27.825
-9999 27.3 27.362 27.362 27.462 27.388 27.388 27.489 27.36 27.36 27.413 27.417 27.417 27.542 27.433 27.676 27.676 27.613 27.594 27.594 27.629 27.517 27.517 27.574 27.536 27.536 27.399 27.603 27.7 27.7 27.675 27.758 27.758 27.748 27.522 27.522 27.417 27.693 27.816 27.816 27.833 27.608 27.608 27.627 27.715 27.715 27.626 27.613 27.613 27.605 27.892 27.918 27.918 28.01 27.873 27.873 28.061 27.959 27.959 27.963 27.93 27.93 27.7 27.746 27.757 27.757 27.739 27.735 27.735 27.73 27.735 27.735 27.856 27.847 27.696
-9999 27.491 27.435 27.435 27.469 27.475 27.475 27.347 27.539 27.539 27.51 27.574 27.394 27.394 27.569 27.648 27.648 27.483 27.618 27.618 27.544 27.572 27.572 27.595 27.434 27.555 27.555 27.566 27.594 27.594 27.706 27.72 27.72 27.762 27.711 27.711 27.809 27.756 27.733 27.733 27.883 27.941 27.941 27.705 27.629 27.629 27.71 27.685 27.685 27.571 27.771 27.923 27.923 27.967 28.109 28.109 28.049 27.934 27.934 27.869 27.818 27.818 27.854 27.846 27.92 27.92 27.615 27.675 27.675 27.854 27.796 27.796 27.798 27.824 27.824
-9999 27.475 27.578 27.578 27.489 27.286 27.286 27.518 27.553 27.481 27.481 27.516 27.602 27.602 27.528 27.581 27.581 27.617 27.501 27.501 27.437 27.528 27.528 27.498 27.587 27.533 27.533 27.441 27.628 27.628 27.811 27.748 27.748 27.772 27.75 27.75 27.704 27.902 27.823 27.823 27.677 27.711 27.711 27.806 27.789 27.789 27.681 27.607 27.607 27.788 27.74 27.928 27.928 27.959 28.111 28.111 27.974 28.034 28.034 27.897 27.696 27.696 27.864 27.814 27.718 27.718 27.677 27.656 27.656 27.726 27.828 27.828 27.831 27.823 27.823
-9999 27.478 27.472 27.472 27.389 27.448 27.448 27.45 27.598 27.706 27.706 27.592 27.731 27.731 27.65 27.778 27.778 27.763 27.754 27.754 27.544 27.543 27.717 27.717 27.602 27.592 27.592 27.629 27.662 27.662 27.851 27.918 27.918 27.849 27.89 27.787 27.787 27.727 27.819 27.819 27.8 27.9 27.9 27.713 27.584 27.584 27.677 27.826 27.838 27.838 27.892 27.844 27.844 28.036 27.865 27.865 27.949 27.875 27.875 27.957 27.81 27.81 27.812 27.759 27.678 27.678 27.761 27.745 27.745 27.632 27.78 27.78 27.82 27.83 27.83
-9999 27.426 27.352 27.352 27.643 27.448 27.595 27.595 27.572 27.656 27.656 27.761 27.617 27.617 27.788 27.613 27.613 27.642 27.753 27.749 27.749 27.664 27.748 27.748 27.702 27.702 27.702 27.66 27.719 27.719 27.83 27.939 27.939 27.855 27.906 27.93 27.93 27.906 27.839 27.839 27.795 27.743 27.743 27.684 27.492 27.492 27.65 27.839 27.964 27.964 27.91 27.786 27.786 28.029 28.014 28.014 28.161 27.972 27.972 27.877 27.841 27.862 27.862 27.817 27.767 27.767 27.892 27.823 27.823 27.759 27.671 27.671 27.824 27.962 27.962
-9999 27.521 27.571 27.62 27.62 27.56 27.639 27.639 27.45 27.483 27.483 27.582 27.801 27.801 27.654 27.842 27.773 27.773 27.674 27.832 27.832 27.533 27.814 27.814 27.836 27.681 27.681 27.775 27.726 27.726 27.769 27.744 27.845 27.845 27.721 27.811 27.811 27.924 27.901 27.901 27.748 27.717 27.717 27.723 27.516 27.516 27.593 27.702 27.825 27.825 27.944 28.026 28.026 27.932 27.947 27.947 28.028 28.066 28.066 28.026 27.881 27.778 27.778 27.827 27.939 27.939 27.947 27.805 27.805 27.679 27.602 27.602 27.65 27.789 27.789
-9999 27.695 27.751 27.621 27.621 27.492 27.728 27.728 27.594 27.762 27.762 27.708 27.824 27.804 27.804 27.809 27.911 27.911 27.854 27.821 27.821 27.875 27.867 27.867 27.912 27.918 27.918 27.818 28 27.718 27.718 27.626 27.963 27.963 27.888 27.962 27.962 27.886 27.883 27.883 27.879 27.867 27.867 27.776 27.733 27.733 27.733 27.752 28.013 28.013 28.146 28.053 28.053 27.848 28.007 28.007 27.98 27.964 27.964 27.995 27.876 28 28 28.007 27.774 27.774 27.896 28.009 28.009 27.729 27.768 27.768 27.929 27.933 27.933
-9999 27.827 27.94 27.873 27.873 27.873 27.794 27.794 27.658 27.728 27.938 27.938 27.815 27.789 27.789 27.902 27.95 27.95 27.972 27.959 27.959 28.231 28.277 28.277 28.121 27.98 28.072 28.072 28.091 27.904 27.904 27.977 27.902 27.902 28.026 28.009 28.009 27.956 27.953 27.953 28.006 27.987 27.987 27.915 27.829 27.845 27.845 27.844 27.974 27.974 28.176 28.026 28.026 28.184 28.079 28.079 28.038 27.897 27.897 27.99 28.062 28.073 28.073 28.007 27.878 27.878 27.979 27.9 27.9 28.021 28.037 28.037 27.882 27.91 27.91
-9999 27.819 28.05 28.099 28.099 27.869 27.807 27.716 27.716 27.796 28.035 28.035 27.973 27.846 27.846 27.783 27.806 27.806 27.936 27.958 27.958 28.031 28.08 28.249 28.249 28.251 27.994 27.994 28.169 28.136 28.136 28.049 28.081 28.081 28.098 28.161 28.161 28.17 28.097 28.097 28.087 28.149 27.937 27.937 27.912 28.084 28.084 28.001 28.107 28.107 28.276 28.294 28.294 28.305 28.108 28.108 28.092 28.006 28.008 28.008 27.945 28.232 28.232 28.082 28.186 28.186 28.213 28.102 28.102 28.33 28.075 28.075 28.103 27.943 27.943
