brt_modelling/variables/recorte_bo_sstmean_lonlat_tif_tif.asc
ncols         422
nrows         720
xllcorner     -85.083333333333
yllcorner     -60
cellsize      0.083333333333333
NODATA_value  -9999
[rows 660 to 692 of 720, columns 150 to 224 of 422]
7.777 7.961 8.028 8.124 8.155 8.229 8.271 8.282 8.355 8.355 8.309 8.256 8.202 8.09 7.974 7.706 7.809 7.633 7.614 4.887 5.209 5.782 -9999 4.259 4.388 5.365 5.233 7.41 7.329 7.337 5.637 5.662 4.758 -9999 -9999 -9999 -9999 -9999 -9999 -9999 4.926 -9999 5.911 4.821 -9999 -9999 -9999 -9999 -9999 5.35 6.56 7.513 7.654 -9999 -9999 -9999 -9999 -9999 -9999 -9999 -9999 -9999 -9999 5.309 7.513 7.714 7.603 7.605 7.581 7.518 7.389 7.397 7.362 7.297 7.366
7.368 7.467 7.583 7.705 7.805 7.916 7.97 8.16 8.262 8.313 8.304 8.314 8.339 8.335 8.198 8.097 7.962 7.851 7.746 7.744 7.562 7.588 6.872 5.41 4.887 5.115 5.404 7.355 7.408 7.4 7.462 6.463 -9999 -9999 -9999 -9999 -9999 -9999 -9999 -9999 -9999 -9999 6.537 7.867 7.079 6.447 4.112 4.791 7.602 7.556 7.577 7.556 7.508 6.76 -9999 -9999 -9999 -9999 5.773 5.551 6.108 -9999 4.961 -9999 -9999 7.156 7.578 7.57 7.553 7.608 7.653 7.663 7.618 7.602 7.612
7.222 7.225 7.275 7.329 7.43 7.451 7.511 7.83 7.946 8.052 8.11 8.203 8.25 8.279 8.276 8.24 8.191 8.131 8.04 7.918 7.806 7.631 7.564 7.562 7.49 7.46 7.571 7.545 7.406 7.392 6.39 5.161 5.607 -9999 -9999 -9999 -9999 -9999 -9999 4.75 4.934 4.89 4.641 4.388 5.037 -9999 -9999 6.742 7.622 7.471 5.228 7.531 7.528 7.573 7.598 6.202 6.983 5.976 6.236 7.538 7.547 7.518 -9999 -9999 7.463 7.54 7.574 7.738 7.636 7.666 7.639 7.676 7.611 7.626 7.676
7.05 7.078 7.08 7.064 7.12 7.181 7.24 7.345 7.37 7.462 7.586 7.689 7.805 7.986 8.185 8.225 8.264 8.244 8.202 8.172 8.115 7.972 7.919 7.812 7.706 7.654 7.614 7.529 7.415 6.941 6.884 7.36 7.365 7.15 4.889 -9999 -9999 -9999 4.915 6.657 7.478 7.585 5.921 4.569 4.467 -9999 4.712 4.586 6.011 7.376 7.571 7.547 7.602 7.617 7.647 7.66 7.626 7.667 7.622 7.609 7.638 7.442 6.954 7.517 7.54 7.563 5.732 7.232 7.378 7.625 7.669 7.557 7.682 7.692 7.705
6.979 7.044 7.036 7.043 7.066 7.065 7.102 7.138 7.146 7.146 7.201 7.226 7.311 7.648 7.797 7.983 8.086 8.139 8.19 8.193 8.188 8.129 8.106 8.033 7.934 7.86 7.77 7.678 7.528 7.501 7.684 7.599 7.408 6.792 6.118 5.209 5.528 -9999 -9999 5.461 7.162 7.285 7.589 5.332 4.787 4.338 -9999 4.176 5.686 6.086 7.618 7.65 7.673 7.646 7.65 7.682 7.715 7.768 7.78 7.786 7.788 7.778 7.728 7.71 7.696 7.658 7.628 7.618 7.664 7.689 7.706 7.708 7.717 7.726 7.713
6.926 6.959 6.951 6.974 6.972 6.987 7.046 7.034 7.019 7.001 7.004 7.047 7.039 7.113 7.255 7.428 7.625 7.807 7.975 8.067 8.128 8.151 8.203 8.173 8.112 8.039 7.962 7.896 7.799 7.767 7.775 7.718 7.677 7.55 7.59 7.424 4.77 5.26 4.58 -9999 4.986 7.713 7.571 7.721 4.948 5.023 4.798 4.447 6.172 6.917 5.519 -9999 -9999 7.337 7.58 7.656 7.726 7.749 7.805 7.829 7.811 7.811 7.814 7.789 7.774 7.738 7.695 7.693 7.687 7.727 7.762 7.748 7.729 7.73 7.717
6.87 6.896 6.884 6.9 6.89 6.918 6.916 6.901 6.917 6.912 6.913 6.942 6.95 6.955 6.994 7.115 7.255 7.409 7.592 7.726 7.993 8.088 8.134 8.124 8.069 8.037 8.027 8.038 7.942 7.871 7.84 7.849 7.781 7.708 7.646 7.677 7.705 7.679 7.551 7.501 7.583 7.466 7.566 7.516 7.562 7.551 7.502 6.32 7.343 7.453 7.383 7.323 -9999 6.511 7.653 7.67 7.749 7.788 7.519 7.686 7.73 7.745 7.754 7.781 7.793 7.77 7.745 7.732 7.747 7.722 7.765 7.763 7.735 7.744 7.682
6.799 6.821 6.856 6.86 6.85 6.822 6.806 6.815 6.831 6.806 6.841 6.846 6.865 6.893 6.93 6.97 7.055 7.15 7.268 7.36 7.621 7.831 7.988 8.05 8.066 8.083 8.07 8.058 8.016 7.966 7.89 7.896 7.884 7.827 7.812 7.836 7.836 7.83 7.786 7.761 7.742 7.614 7.429 7.72 7.693 7.701 7.679 7.621 7.626 7.637 7.599 7.444 7.399 6.645 7.235 7.679 7.759 7.797 7.618 7.471 7.455 7.31 7.656 7.715 7.787 7.772 7.761 7.752 7.734 7.75 7.759 7.737 7.748 7.727 7.562
6.762 6.768 6.769 6.79 6.788 6.794 6.746 6.732 6.741 6.772 6.786 6.768 6.782 6.803 6.866 6.874 6.88 6.954 7.033 7.173 7.256 7.432 7.657 7.877 7.965 8.043 8.042 8.083 8.084 8.064 8.008 7.993 8 7.959 7.923 7.922 7.912 7.904 7.897 7.911 7.873 7.794 7.827 7.85 7.862 7.85 7.814 7.804 7.789 7.752 7.718 7.688 7.632 7.55 7.598 7.646 7.738 7.79 7.785 7.641 5.743 6.725 7.57 7.636 7.679 7.719 7.725 7.717 7.713 7.742 7.743 7.747 7.731 7.66 7.539
6.696 6.719 6.722 6.746 6.765 6.764 6.746 6.768 6.724 6.725 6.74 6.748 6.736 6.751 6.756 6.787 6.805 6.83 6.879 6.994 7.071 7.16 7.291 7.488 7.712 7.832 7.899 7.982 8.012 8.036 8.027 8.018 8.011 7.994 7.965 7.96 7.97 7.964 7.95 7.945 7.988 7.959 7.912 7.914 7.925 7.931 7.913 7.892 7.878 7.838 7.78 7.813 7.771 7.764 7.776 7.789 7.824 7.822 7.828 7.796 7.725 7.643 7.482 7.558 7.576 7.639 7.662 7.73 7.721 7.694 7.7 7.707 7.641 7.547 7.469
6.646 6.662 6.695 6.706 6.725 6.72 6.723 6.689 6.706 6.72 6.71 6.716 6.727 6.721 6.71 6.721 6.752 6.782 6.82 6.888 6.914 6.962 6.999 7.113 7.246 7.392 7.545 7.831 7.888 7.936 7.953 7.972 7.98 7.976 7.964 7.935 7.966 7.941 7.944 7.989 7.966 7.953 7.927 7.925 7.944 7.934 7.941 7.924 7.915 7.896 7.835 7.823 7.807 7.804 7.82 7.818 7.622 7.793 7.645 7.736 7.814 7.811 7.801 7.754 7.642 7.74 7.657 7.678 7.721 7.722 7.693 7.64 7.544 7.446 7.337
6.584 6.575 6.628 6.658 6.68 6.666 6.657 6.673 6.686 6.669 6.715 6.733 6.71 6.716 6.724 6.737 6.757 6.753 6.778 6.81 6.832 6.856 6.86 6.876 6.969 7.042 7.269 7.502 7.626 7.761 7.811 7.835 7.876 7.894 7.913 7.951 7.952 7.913 7.914 7.936 8.002 7.997 7.977 7.927 7.895 7.92 7.912 7.898 7.858 7.866 7.868 7.841 7.826 7.84 7.837 7.855 7.872 7.854 7.853 7.815 7.819 7.82 7.781 7.731 7.751 7.799 7.772 7.748 7.713 7.659 7.573 7.457 7.35 7.24 7.054
6.537 6.579 6.603 6.589 6.599 6.582 6.589 6.611 6.599 6.657 6.679 6.662 6.653 6.666 6.704 6.712 6.686 6.704 6.709 6.734 6.765 6.786 6.762 6.778 6.795 6.808 6.943 7.056 7.18 7.374 7.549 7.678 7.727 7.802 7.869 7.904 7.91 7.932 7.914 7.907 7.947 7.948 7.94 7.939 7.911 7.887 7.878 7.888 7.879 7.884 7.874 7.859 7.86 7.855 7.85 7.86 7.846 7.83 7.814 7.811 7.827 7.805 7.81 7.777 7.756 7.73 7.67 7.631 7.558 7.449 7.363 7.264 7.111 6.952 6.7
6.508 6.521 6.525 6.536 6.48 6.468 6.509 6.534 6.557 6.542 6.59 6.633 6.662 6.64 6.634 6.621 6.627 6.612 6.623 6.666 6.673 6.709 6.759 6.756 6.738 6.735 6.797 6.847 6.924 7.019 7.116 7.302 7.473 7.592 7.722 7.757 7.842 7.842 7.819 7.85 7.851 7.866 7.876 7.884 7.888 7.91 7.895 7.915 7.919 7.905 7.871 7.86 7.849 7.847 7.791 7.774 7.769 7.784 7.802 7.79 7.768 7.728 7.734 7.678 7.636 7.614 7.567 7.501 7.416 7.288 7.127 7.026 6.817 6.608 6.418
6.454 6.457 6.435 6.448 6.441 6.45 6.481 6.48 6.504 6.488 6.497 6.526 6.544 6.56 6.541 6.538 6.556 6.568 6.595 6.6 6.616 6.641 6.67 6.68 6.686 6.65 6.68 6.721 6.767 6.782 6.844 7.009 7.166 7.288 7.495 7.601 7.678 7.725 7.727 7.752 7.734 7.765 7.786 7.837 7.833 7.857 7.858 7.864 7.834 7.841 7.822 7.769 7.804 7.777 7.751 7.735 7.719 7.707 7.735 7.727 7.667 7.622 7.603 7.571 7.494 7.466 7.396 7.308 7.188 7.108 6.819 6.683 6.478 6.307 6.213
6.376 6.397 6.392 6.376 6.405 6.398 6.407 6.465 6.461 6.476 6.442 6.437 6.459 6.47 6.49 6.483 6.508 6.518 6.535 6.519 6.538 6.592 6.61 6.623 6.601 6.615 6.614 6.624 6.664 6.668 6.721 6.775 6.823 6.947 7.235 7.342 7.443 7.55 7.632 7.69 7.664 7.704 7.741 7.832 7.79 7.767 7.772 7.755 7.784 7.817 7.826 7.787 7.746 7.735 7.689 7.699 7.638 7.632 7.652 7.621 7.575 7.514 7.486 7.424 7.326 7.31 7.221 7.18 7.07 6.934 6.656 6.43 6.298 6.226 6.182
6.327 6.32 6.305 6.318 6.328 6.351 6.425 6.434 6.411 6.427 6.396 6.417 6.419 6.433 6.437 6.466 6.478 6.485 6.487 6.504 6.491 6.529 6.572 6.58 6.584 6.558 6.545 6.56 6.59 6.638 6.655 6.705 6.74 6.768 7.026 7.149 7.28 7.384 7.511 7.587 7.661 7.715 7.754 7.771 7.719 7.693 7.687 7.689 7.684 7.716 7.727 7.692 7.702 7.681 7.627 7.62 7.612 7.558 7.508 7.481 7.482 7.429 7.349 7.225 7.165 7.086 7.021 6.911 6.78 6.608 6.433 6.244 6.201 6.134 6.104
6.255 6.276 6.272 6.27 6.244 6.266 6.287 6.304 6.318 6.371 6.372 6.366 6.357 6.387 6.398 6.419 6.44 6.419 6.412 6.408 6.441 6.481 6.515 6.549 6.569 6.513 6.551 6.577 6.587 6.614 6.625 6.644 6.66 6.666 6.803 6.903 7.036 7.163 7.288 7.39 7.516 7.598 7.634 7.652 7.62 7.625 7.62 7.596 7.609 7.627 7.61 7.608 7.601 7.56 7.552 7.493 7.459 7.416 7.391 7.39 7.372 7.345 7.201 7.086 6.968 6.911 6.801 6.658 6.475 6.321 6.252 6.196 6.075 6.057 6.046
6.247 6.241 6.214 6.184 6.193 6.196 6.221 6.231 6.255 6.277 6.292 6.31 6.33 6.325 6.37 6.368 6.359 6.339 6.341 6.345 6.347 6.374 6.37 6.441 6.486 6.483 6.516 6.52 6.517 6.52 6.506 6.516 6.535 6.556 6.574 6.646 6.694 6.783 6.913 7.106 7.217 7.308 7.411 7.485 7.496 7.536 7.541 7.543 7.515 7.532 7.543 7.533 7.502 7.463 7.436 7.423 7.406 7.374 7.344 7.304 7.262 7.192 7.05 6.925 6.785 6.641 6.507 6.404 6.287 6.206 6.155 6.123 6.056 6.052 6.002
6.211 6.22 6.167 6.13 6.114 6.104 6.11 6.142 6.164 6.197 6.238 6.21 6.221 6.227 6.264 6.286 6.259 6.274 6.277 6.307 6.313 6.332 6.368 6.376 6.407 6.412 6.454 6.492 6.484 6.466 6.443 6.469 6.464 6.499 6.474 6.49 6.518 6.57 6.597 6.673 6.783 6.884 7.012 7.172 7.224 7.329 7.35 7.377 7.402 7.358 7.349 7.38 7.343 7.352 7.354 7.314 7.272 7.263 7.253 7.191 7.079 6.967 6.87 6.638 6.528 6.442 6.327 6.243 6.188 6.157 6.144 6.1 6.095 6.036 5.946
6.11 6.107 6.077 6.065 6.05 6.053 6.055 6.072 6.093 6.119 6.128 6.136 6.161 6.162 6.144 6.139 6.142 6.188 6.198 6.219 6.22 6.229 6.279 6.287 6.287 6.32 6.335 6.375 6.363 6.385 6.368 6.38 6.377 6.389 6.41 6.395 6.392 6.4 6.442 6.483 6.47 6.475 6.557 6.764 6.862 6.962 7.032 7.069 7.067 7.041 7.068 7.126 7.148 7.096 7.113 7.091 7.078 7.078 6.945 6.865 6.803 6.695 6.6 6.406 6.335 6.243 6.224 6.182 6.142 6.143 6.108 6.081 6.049 5.979 5.933
6.059 6.01 6.013 6.01 6.007 6.017 6.028 6.013 6.053 6.067 6.105 6.093 6.082 6.07 6.093 6.092 6.087 6.134 6.135 6.152 6.129 6.158 6.177 6.167 6.175 6.191 6.215 6.21 6.203 6.257 6.254 6.252 6.277 6.278 6.253 6.273 6.303 6.294 6.299 6.304 6.287 6.317 6.343 6.454 6.532 6.58 6.597 6.628 6.656 6.693 6.709 6.791 6.806 6.862 6.903 6.928 6.854 6.801 6.686 6.598 6.516 6.458 6.39 6.342 6.218 6.202 6.179 6.133 6.095 6.105 6.074 6.052 6.047 5.983 5.877
6.016 6.015 5.98 5.971 5.974 5.992 5.978 6.004 6.005 6 6.027 6.047 6.058 6.025 6.04 6.072 6.056 6.056 6.055 6.09 6.073 6.067 6.082 6.104 6.077 6.062 6.07 6.088 6.111 6.091 6.105 6.142 6.154 6.161 6.148 6.159 6.176 6.183 6.188 6.184 6.22 6.234 6.265 6.276 6.323 6.319 6.328 6.298 6.321 6.35 6.401 6.462 6.528 6.547 6.556 6.523 6.532 6.526 6.486 6.407 6.325 6.318 6.276 6.244 6.184 6.156 6.156 6.077 6.025 5.995 5.938 5.912 5.886 5.87 5.819
5.94 5.951 5.958 5.93 5.951 5.926 5.904 5.901 5.934 5.953 5.962 5.962 5.995 6.027 6.037 6.037 6.03 6.02 6.031 6.027 6.022 5.994 5.993 6.003 6.001 6.004 5.979 5.97 5.997 6.016 6.015 6.037 6.022 6.042 6.043 6.069 6.059 6.074 6.077 6.102 6.097 6.101 6.154 6.158 6.166 6.135 6.158 6.17 6.176 6.173 6.184 6.195 6.24 6.327 6.323 6.325 6.328 6.332 6.326 6.271 6.235 6.218 6.18 6.175 6.142 6.102 6.052 5.994 5.956 5.905 5.884 5.832 5.816 5.828 5.772
5.874 5.874 5.876 5.876 5.876 5.886 5.906 5.922 5.894 5.914 5.95 5.954 5.946 5.964 5.998 5.996 5.992 5.972 5.973 5.962 5.946 5.959 5.974 5.972 5.961 5.937 5.906 5.9 5.887 5.895 5.903 5.925 5.957 5.955 5.969 5.987 5.997 6.015 6.004 6.018 6.038 6.028 6.012 6.033 6.046 6.029 6.014 6.001 6.013 6.014 6.061 6.065 6.08 6.149 6.154 6.16 6.157 6.167 6.169 6.14 6.145 6.114 6.127 6.124 6.089 6.008 5.945 5.905 5.872 5.819 5.801 5.762 5.734 5.716 5.664
5.808 5.821 5.858 5.84 5.865 5.858 5.864 5.86 5.861 5.867 5.866 5.857 5.874 5.904 5.901 5.904 5.942 5.922 5.92 5.941 5.911 5.947 5.928 5.883 5.868 5.861 5.888 5.875 5.887 5.874 5.84 5.856 5.842 5.864 5.87 5.886 5.892 5.913 5.902 5.916 5.947 5.943 5.932 5.945 5.913 5.904 5.912 5.927 5.918 5.9 5.889 5.915 5.938 5.916 5.937 5.958 5.984 5.998 6.021 6.018 6.043 6.029 6.002 5.977 5.961 5.853 5.822 5.816 5.787 5.757 5.731 5.696 5.678 5.673 5.644
5.755 5.787 5.791 5.819 5.82 5.813 5.829 5.827 5.823 5.813 5.834 5.839 5.846 5.844 5.857 5.877 5.896 5.871 5.877 5.866 5.87 5.876 5.874 5.848 5.847 5.847 5.847 5.819 5.793 5.806 5.808 5.806 5.787 5.782 5.791 5.798 5.833 5.83 5.814 5.816 5.829 5.838 5.849 5.848 5.831 5.831 5.813 5.828 5.821 5.796 5.799 5.83 5.817 5.822 5.845 5.849 5.839 5.844 5.847 5.876 5.874 5.857 5.854 5.852 5.791 5.759 5.716 5.715 5.671 5.637 5.604 5.594 5.6 5.592 5.609
5.715 5.709 5.716 5.747 5.758 5.745 5.753 5.731 5.767 5.791 5.798 5.809 5.781 5.788 5.784 5.79 5.819 5.804 5.79 5.774 5.765 5.776 5.793 5.818 5.813 5.797 5.766 5.768 5.747 5.704 5.702 5.725 5.734 5.725 5.731 5.742 5.734 5.715 5.722 5.76 5.771 5.755 5.756 5.743 5.725 5.733 5.722 5.68 5.708 5.7 5.679 5.682 5.682 5.723 5.729 5.714 5.703 5.715 5.709 5.698 5.708 5.694 5.689 5.712 5.717 5.69 5.633 5.632 5.569 5.569 5.567 5.554 5.529 5.51 5.51
5.676 5.668 5.688 5.677 5.677 5.697 5.713 5.705 5.705 5.719 5.728 5.747 5.742 5.727 5.719 5.695 5.708 5.728 5.715 5.687 5.688 5.701 5.701 5.701 5.705 5.708 5.699 5.67 5.641 5.664 5.666 5.643 5.668 5.688 5.696 5.696 5.677 5.661 5.685 5.68 5.679 5.661 5.667 5.659 5.639 5.624 5.625 5.606 5.575 5.556 5.532 5.54 5.548 5.584 5.578 5.571 5.571 5.562 5.566 5.564 5.616 5.553 5.565 5.564 5.521 5.524 5.512 5.493 5.497 5.473 5.486 5.476 5.439 5.427 5.4
5.626 5.649 5.658 5.66 5.661 5.651 5.669 5.675 5.683 5.678 5.672 5.671 5.657 5.652 5.643 5.615 5.626 5.641 5.671 5.664 5.658 5.634 5.636 5.632 5.617 5.619 5.622 5.623 5.616 5.624 5.631 5.635 5.597 5.612 5.618 5.616 5.614 5.608 5.615 5.6 5.63 5.617 5.604 5.557 5.556 5.554 5.52 5.499 5.475 5.477 5.442 5.439 5.434 5.442 5.444 5.451 5.46 5.436 5.439 5.491 5.467 5.438 5.431 5.422 5.383 5.409 5.45 5.422 5.4 5.391 5.362 5.346 5.351 5.346 5.287
5.576 5.576 5.577 5.599 5.621 5.61 5.6 5.634 5.67 5.645 5.664 5.63 5.636 5.642 5.62 5.578 5.581 5.586 5.595 5.566 5.555 5.598 5.588 5.562 5.56 5.579 5.578 5.599 5.57 5.562 5.557 5.568 5.561 5.564 5.556 5.529 5.537 5.549 5.562 5.526 5.55 5.542 5.502 5.474 5.478 5.476 5.469 5.455 5.425 5.368 5.336 5.324 5.334 5.292 5.302 5.328 5.32 5.323 5.318 5.342 5.316 5.312 5.33 5.323 5.311 5.323 5.32 5.33 5.318 5.298 5.277 5.228 5.186 5.16 5.172
5.506 5.518 5.527 5.573 5.575 5.559 5.542 5.564 5.602 5.601 5.609 5.612 5.594 5.583 5.563 5.544 5.541 5.532 5.525 5.509 5.521 5.545 5.52 5.506 5.506 5.565 5.542 5.521 5.514 5.48 5.492 5.5 5.495 5.499 5.498 5.481 5.448 5.463 5.47 5.482 5.469 5.454 5.438 5.415 5.389 5.375 5.386 5.33 5.332 5.321 5.305 5.294 5.248 5.254 5.244 5.236 5.221 5.165 5.194 5.227 5.19 5.176 5.168 5.203 5.222 5.221 5.221 5.161 5.165 5.115 5.103 5.116 5.054 5.006 4.969
5.508 5.493 5.515 5.518 5.517 5.537 5.544 5.529 5.528 5.521 5.552 5.551 5.548 5.546 5.529 5.498 5.498 5.492 5.496 5.471 5.466 5.5 5.481 5.47 5.47 5.489 5.478 5.48 5.475 5.465 5.44 5.435 5.445 5.448 5.434 5.407 5.382 5.384 5.401 5.396 5.4 5.369 5.352 5.34 5.332 5.298 5.293 5.281 5.293 5.258 5.215 5.207 5.169 5.162 5.146 5.102 5.096 5.097 5.095 5.071 5.07 5.068 5.096 5.089 5.086 5.087 5.054 5.048 5.037 5.013 4.971 4.971 4.903 4.836 4.794
