brt_modelling/variables/recorte_bo_bathymean_lonlat_tif_tif.asc
ncols         422
nrows         720
xllcorner     -85.083333333333
yllcorner     -60
cellsize      0.083333333333333
NODATA_value  -9999
[rows 544 to 577 of 720, columns 77 to 153 of 422]
-2699 -2801 -2893 -2755 -2642 -2531 -2749 -3033 -2896 -2566 -2673 -2771 -2693 -2663 -2702 -2902 -2979 -2837 -2957 -3139 -3157 -3219 -3181 -3113 -3155 -3135 -3174 -3270 -3295 -3312 -3325 -3337 -3119 -2410 -2109 -1792 -1177 -708 -357 -205 -141 -129 -144 -183 -155 -164 -111 -79 -46 -41 106 -9999 184 70 8 -9999 -9999 155 69 -78 -103 -34 -161 -19 329 -9999 -9999 -9999 -9999 -9999 -9999 -9999 -9999 -9999 -9999 -9999 -9999
-2515 -2821 -2948 -2871 -2744 -2459 -2380 -2822 -2928 -2736 -2537 -2706 -2710 -2601 -2562 -2638 -2783 -3115 -3124 -2982 -3087 -3133 -3187 -3109 -3183 -3187 -3103 -3201 -3240 -3258 -3300 -3319 -3018 -2441 -2034 -1529 -1040 -702 -417 -225 -159 -137 -127 -129 -111 -98 -74 -45 -64 1 173 94 1 -30 13 145 118 60 -39 -50 80 -117 290 -9999 -9999 -9999 -9999 -9999 -9999 -9999 -9999 -9999 -9999 -9999 -9999 -9999 -9999
-2868 -2931 -2895 -2551 -2371 -2347 -2091 -2587 -2875 -2871 -2509 -2663 -2705 -2782 -2626 -2585 -2252 -3091 -3246 -3061 -2957 -3118 -2942 -2946 -3165 -3265 -3196 -3079 -2892 -3098 -3290 -3318 -3272 -2573 -2027 -1271 -951 -659 -290 -163 -148 -142 -122 -114 -80 -53 -15 -31 -60 48 223 -9999 -9999 13 59 185 167 102 -29 -9999 -9999 -63 -9999 -9999 -9999 -9999 -9999 -9999 -9999 -9999 -9999 -9999 -9999 -9999 -9999 -9999 -9999
-2763 -2713 -2567 -1930 -1734 -2287 -2340 -2237 -2848 -2926 -2567 -2582 -2630 -2678 -2637 -2750 -2937 -3175 -3218 -3083 -3359 -3912 -3263 -2776 -3030 -2997 -2838 -2804 -2772 -2946 -3250 -3313 -3271 -2423 -1976 -1633 -1201 -472 -237 -180 -143 -121 -109 -87 -34 27 88 -50 160 167 120 -9999 -9999 140 -51 320 422 96 3 273 174 106 -9999 355 148 365 -9999 -9999 -9999 -9999 -9999 -9999 -9999 -9999 -9999 -9999 -9999
-3000 -2741 -2645 -2461 -2409 -2650 -2578 -2384 -2975 -3094 -2768 -2543 -2764 -2863 -3029 -3039 -3029 -2914 -2747 -2770 -3040 -3893 -3498 -2834 -2697 -2579 -2419 -2792 -2977 -2774 -3181 -3283 -3289 -2813 -2246 -1749 -1073 -315 -186 -165 -137 -112 -102 -80 -32 -2 68 7 -9999 146 174 256 129 45 -24 73 254 -4 7 138 356 165 407 203 450 -9999 -9999 -9999 -9999 -9999 -9999 -9999 -9999 -9999 -9999 -9999 -9999
-3319 -3027 -2708 -2794 -2930 -2795 -2856 -2688 -3075 -3261 -3150 -3071 -3095 -3064 -2756 -2682 -2784 -2845 -2669 -2819 -2620 -3038 -3785 -3250 -2752 -2585 -2542 -2707 -2964 -2807 -3095 -3250 -3280 -2890 -2280 -1810 -989 -287 -175 -162 -136 -112 -103 -66 -29 -54 -20 17 -19 145 111 162 131 146 92 -9999 215 34 46 57 8 48 -9999 -9999 -9999 -9999 -9999 -9999 -9999 -9999 -9999 -9999 -9999 -9999 -9999 -9999 -9999
-3504 -3218 -2804 -2832 -2945 -2962 -3119 -3137 -3070 -3019 -2933 -2737 -2852 -2982 -2821 -2430 -2555 -2717 -2626 -2498 -2461 -2456 -3373 -3423 -3056 -2798 -2875 -3014 -3085 -3123 -3075 -3067 -3256 -2915 -2183 -1720 -941 -230 -176 -176 -146 -120 -68 138 76 54 213 331 -9999 226 23 -9999 278 -9999 -9999 55 130 -9999 66 115 -26 182 -9999 -9999 -9999 -9999 -9999 -9999 -9999 -9999 -9999 -9999 -9999 -9999 -9999 -9999 -9999
-3296 -3213 -3135 -3066 -2977 -2936 -2971 -2946 -2814 -2852 -2939 -2893 -2937 -2970 -2865 -2593 -2536 -2911 -2746 -2773 -2934 -3013 -3337 -3604 -3339 -3129 -3063 -2696 -2671 -2575 -2682 -2682 -3086 -2988 -2072 -1630 -1252 -689 -256 -173 -132 -109 -62 136 -9999 -9999 -9999 263 -9999 -9999 232 236 -9999 -9999 -9999 290 21 131 144 277 23 -9999 -9999 -9999 -9999 -9999 -9999 -9999 -9999 -9999 -9999 -9999 -9999 -9999 -9999 -9999 -9999
-3147 -3088 -2979 -3022 -2941 -2786 -2801 -2924 -2914 -2836 -2898 -2926 -2886 -2899 -2842 -2754 -2692 -3202 -3306 -3253 -3156 -3131 -2968 -2759 -2755 -2794 -2836 -2705 -2522 -2579 -2492 -2582 -2790 -3019 -2146 -1516 -1180 -829 -312 -157 -120 -69 -40 62 311 293 215 140 -9999 -9999 -9999 -9999 -9999 -9999 -9999 -9999 73 387 224 260 100 -9999 600 226 -9999 -9999 -9999 -9999 -9999 -9999 -9999 -9999 -9999 -9999 -9999 -9999 -9999
-3355 -3279 -3109 -3270 -3224 -3198 -3191 -3237 -3106 -2939 -3005 -3118 -3039 -3122 -3085 -3147 -3135 -3067 -3100 -3097 -2965 -2857 -2951 -2845 -2678 -2782 -2684 -2709 -2540 -2551 -2519 -2396 -2463 -2928 -2260 -1752 -1509 -745 -224 -142 -119 -71 -44 11 150 158 57 -9999 -9999 -9999 -9999 -9999 -9999 -9999 -9999 -9999 108 219 -9999 301 154 552 177 -9999 -9999 -9999 -9999 -9999 -9999 -9999 -9999 -9999 -9999 -9999 -9999 -9999 -9999
-3593 -3458 -3412 -3530 -3634 -3648 -3621 -3537 -3331 -3221 -3298 -3231 -3129 -3196 -3266 -3208 -2994 -2917 -2928 -2941 -2852 -2580 -2808 -2922 -2806 -2814 -2803 -2815 -2745 -2638 -2545 -2511 -2391 -2755 -2697 -1820 -923 -504 -297 -140 -122 -95 -55 71 43 220 280 -9999 -9999 -9999 -9999 -9999 -9999 -9999 -9999 -9999 -9999 390 319 81 233 176 -9999 -9999 -9999 -9999 -9999 -9999 -9999 -9999 -9999 -9999 -9999 -9999 -9999 -9999 -9999
-3498 -3340 -3357 -3477 -3452 -3371 -3362 -3364 -3366 -3431 -3427 -3169 -3084 -2970 -3003 -3131 -2865 -2866 -2892 -2884 -2909 -2853 -2915 -2984 -2915 -2822 -2869 -2932 -2863 -2764 -2614 -2569 -2507 -2748 -2727 -1974 -1488 -1485 -851 -265 -105 -62 -5 -9999 -9999 -9999 -9999 -9999 -9999 -9999 -9999 -9999 -9999 -9999 -9999 -9999 160 245 -9999 23 110 256 -9999 -9999 -9999 -9999 -9999 -9999 -9999 -9999 -9999 -9999 -9999 -9999 -9999 -9999 -9999
-3180 -3041 -3112 -3235 -3345 -3348 -3279 -3365 -3454 -3399 -3387 -3392 -3359 -3099 -2915 -3142 -3033 -2990 -2972 -2951 -2981 -2980 -2992 -2990 -2969 -2851 -2740 -2970 -2871 -2745 -2764 -2763 -2684 -2715 -2612 -2116 -1099 -419 -509 -175 -41 20 118 231 -9999 -9999 -9999 350 -9999 -9999 -9999 -9999 -9999 -9999 -9999 -9999 -9999 239 81 30 -9999 -9999 -9999 -9999 -9999 -9999 -9999 -9999 -9999 -9999 -9999 -9999 -9999 -9999 -9999 -9999 -9999
-3342 -3241 -3303 -3455 -3492 -3430 -3266 -3269 -3346 -3132 -3004 -3223 -3409 -3347 -3095 -3136 -3076 -3005 -3004 -3002 -3011 -3029 -3026 -2993 -3022 -2932 -2764 -3025 -2970 -2829 -2874 -2965 -2876 -2489 -2065 -1066 -451 -165 -115 -23 135 -9999 -9999 -9999 -9999 -9999 -9999 -9999 -9999 -9999 -9999 -9999 -9999 -9999 -9999 -9999 -9999 -9999 -101 392 -9999 -9999 -9999 -9999 -9999 -9999 -9999 -9999 -9999 -9999 -9999 -9999 -9999 -9999 -9999 -9999 -9999
-3484 -3427 -3455 -3498 -3395 -3400 -3394 -3295 -3234 -3135 -2995 -3035 -3236 -3399 -3190 -3003 -3094 -3012 -3026 -3060 -3032 -3074 -3124 -3118 -3134 -3106 -2973 -3079 -3085 -3041 -3096 -3128 -2346 -1541 -1583 -1603 -845 -72 121 160 181 -9999 -9999 83 41 -9999 -9999 -9999 -9999 142 88 174 -9999 -9999 -9999 -9999 -9999 -9999 155 -9999 -9999 -9999 -9999 -9999 -9999 -9999 -9999 -9999 -9999 -9999 -9999 -9999 -9999 -9999 -9999 -9999 -9999
-3528 -3530 -3507 -3460 -3379 -3485 -3550 -3367 -3224 -3269 -3221 -3073 -3111 -3354 -3351 -2964 -3085 -3130 -3148 -3236 -3250 -3245 -3277 -3292 -3273 -3169 -3108 -3137 -3247 -3289 -3396 -3437 -3253 -3025 -2675 -1531 -476 262 255 192 125 125 67 20 -9999 -9999 -9999 -9999 -9999 -9999 172 -9999 -9999 -9999 -9999 -9999 -9999 -9999 -9999 -9999 -9999 -9999 -9999 -9999 -9999 -9999 -9999 -9999 -9999 -9999 -9999 -9999 -9999 -9999 -9999 -9999 -9999
-3511 -3529 -3551 -3509 -3332 -3475 -3536 -3472 -3272 -3393 -3379 -3250 -3332 -3435 -3518 -3392 -3407 -3413 -3403 -3417 -3461 -3438 -3402 -3366 -3348 -3268 -3300 -3314 -3338 -3358 -3448 -3447 -3389 -3313 -2595 -1122 73 -9999 100 35 8 50 10 -12 71 -9999 -9999 -9999 -9999 96 -9999 -9999 -9999 -9999 -9999 -9999 -9999 -9999 -9999 -9999 -9999 -9999 -9999 -9999 -9999 -9999 -9999 -9999 -9999 -9999 -9999 -9999 -9999 -9999 -9999 -9999 -9999
-3564 -3583 -3637 -3636 -3558 -3587 -3689 -3696 -3644 -3639 -3575 -3560 -3653 -3614 -3569 -3547 -3518 -3445 -3416 -3442 -3422 -3337 -3272 -3295 -3316 -3220 -3220 -3248 -3292 -3434 -3485 -3399 -3256 -3100 -2675 -1546 -179 263 -9999 -9999 21 0 -16 -50 -37 9 51 91 75 114 68 -3 -1 -9999 -9999 -9999 -9999 -9999 -9999 -9999 -9999 -9999 -9999 -9999 -9999 -9999 -9999 -9999 -9999 -9999 -9999 -9999 -9999 -9999 -9999 -9999 -9999
-3558 -3609 -3702 -3764 -3809 -3800 -3787 -3749 -3808 -3851 -3793 -3691 -3588 -3541 -3469 -3399 -3305 -3177 -3276 -3216 -3083 -3037 -3031 -3122 -3289 -3212 -3403 -3388 -3516 -3489 -3442 -3243 -3050 -2963 -2540 -1729 -613 268 -9999 -9999 128 -49 -80 -81 -75 -62 -53 -23 37 54 53 3 -37 -12 -9999 -9999 -9999 -9999 -9999 -9999 -9999 -9999 -9999 -9999 -9999 -9999 -9999 -9999 -9999 -9999 -9999 -9999 -9999 -9999 -9999 -9999 -9999
-3691 -3719 -3740 -3786 -3827 -3833 -3818 -3677 -3644 -3601 -3500 -3367 -3289 -3201 -3241 -3106 -3150 -3148 -3224 -3235 -3218 -3255 -3289 -3309 -3322 -3345 -3491 -3560 -3487 -3476 -3445 -3251 -3202 -2438 -2043 -1227 -469 -246 90 102 -25 -56 -87 -99 -99 -91 -81 -67 -34 -42 -61 -61 -96 -73 -18 107 -9999 -9999 -9999 -9999 -9999 -9999 -9999 -9999 -9999 -9999 -9999 -9999 -9999 -9999 -9999 -9999 -9999 -9999 -9999 -9999 -9999
-3856 -3749 -3796 -3831 -3638 -3520 -3555 -3462 -3412 -3405 -3338 -3253 -3188 -3162 -3180 -3182 -3215 -3252 -3289 -3315 -3321 -3333 -3338 -3355 -3396 -3421 -3518 -3590 -3522 -3490 -3441 -3282 -2929 -2414 -1520 -979 -686 -249 -145 -129 -126 -118 -112 -116 -121 -116 -107 -92 -68 -71 -38 211 124 -51 199 248 -9999 -9999 -9999 -9999 -9999 -9999 -9999 -9999 -9999 -9999 -9999 -9999 -9999 -9999 -9999 -9999 -9999 -9999 -9999 -9999 -9999
-3677 -3692 -3735 -3718 -3536 -3368 -3443 -3405 -3389 -3407 -3367 -3255 -3262 -3280 -3305 -3342 -3356 -3422 -3476 -3487 -3417 -3397 -3398 -3424 -3459 -3518 -3564 -3597 -3500 -3396 -3331 -3042 -2326 -1603 -1189 -995 -644 -220 -146 -135 -136 -136 -134 -133 -145 -151 -143 -108 -86 -100 -24 59 -31 2 -9999 -9999 -9999 -9999 -9999 -9999 -9999 -9999 -9999 -9999 -9999 -9999 -9999 -9999 -9999 -9999 -9999 -9999 -9999 -9999 -9999 -9999 -9999
-3736 -3708 -3745 -3755 -3726 -3624 -3686 -3683 -3609 -3514 -3510 -3486 -3457 -3443 -3448 -3419 -3490 -3561 -3531 -3501 -3439 -3395 -3385 -3435 -3509 -3554 -3591 -3601 -3324 -3230 -3162 -2673 -1985 -1640 -1486 -1107 -619 -196 -149 -135 -126 -124 -131 -133 -159 -183 -177 -133 -120 -130 -107 -52 38 76 256 -9999 -9999 -9999 -9999 -9999 -9999 -9999 -9999 -9999 -9999 -9999 -9999 -9999 -9999 -9999 -9999 -9999 -9999 -9999 -9999 -9999 -9999
-3718 -3690 -3715 -3774 -3840 -3847 -3829 -3799 -3749 -3692 -3654 -3656 -3605 -3529 -3447 -3396 -3438 -3441 -3396 -3400 -3407 -3417 -3471 -3519 -3555 -3623 -3683 -3530 -3310 -3359 -3301 -2800 -1991 -1813 -1722 -1416 -928 -357 -151 -121 -111 -107 -104 -118 -139 -168 -165 -144 -129 -103 -87 -2 -9999 -9999 -9999 -9999 -9999 -9999 -9999 -9999 -9999 -9999 -9999 -9999 -9999 -9999 -9999 -9999 -9999 -9999 -9999 -9999 -9999 -9999 -9999 -9999 -9999
-3521 -3373 -3500 -3691 -3761 -3687 -3626 -3636 -3689 -3729 -3692 -3628 -3583 -3551 -3476 -3432 -3398 -3399 -3397 -3404 -3471 -3525 -3563 -3602 -3655 -3721 -3692 -3472 -3138 -3392 -2892 -2330 -2245 -2113 -1968 -1634 -1157 -429 -130 -105 -95 -88 -90 -99 -120 -160 -158 -144 -127 -81 -2 -9999 -9999 -9999 -9999 -9999 -9999 -9999 -9999 -9999 -9999 -9999 -9999 -9999 -9999 -9999 -9999 -9999 -9999 -9999 -9999 -9999 -9999 -9999 -9999 -9999 -9999
-3473 -3368 -3513 -3642 -3738 -3737 -3706 -3679 -3637 -3591 -3551 -3503 -3478 -3485 -3469 -3463 -3448 -3475 -3493 -3497 -3545 -3671 -3686 -3716 -3771 -3754 -3704 -3590 -3295 -3175 -2705 -2122 -2072 -2234 -2081 -1724 -1131 -324 -133 -100 -81 -72 -69 -75 -83 -137 -164 -138 -98 -81 3 -9999 -9999 -9999 -9999 -9999 -9999 -9999 -9999 -9999 -9999 -9999 -9999 -9999 -9999 -9999 -9999 -9999 -9999 -9999 -9999 -9999 -9999 -9999 -9999 -9999 -9999
-3633 -3594 -3580 -3582 -3640 -3606 -3525 -3557 -3573 -3531 -3533 -3532 -3496 -3498 -3515 -3501 -3503 -3528 -3500 -3556 -3559 -3710 -3777 -3788 -3719 -3608 -3592 -3408 -3382 -3032 -2435 -1571 -1696 -2223 -2022 -1481 -675 -150 -93 -86 -73 -59 -50 -52 -82 -164 -159 -83 -78 29 109 131 173 -9999 -9999 -9999 -9999 -9999 -9999 -9999 -9999 -9999 -9999 -9999 -9999 -9999 -9999 -9999 -9999 -9999 -9999 -9999 -9999 -9999 -9999 -9999 -9999
-3693 -3627 -3590 -3605 -3586 -3582 -3533 -3576 -3592 -3587 -3599 -3585 -3546 -3542 -3580 -3566 -3568 -3583 -3601 -3641 -3679 -3759 -3808 -3768 -3664 -3554 -3314 -3386 -3047 -2587 -2179 -1405 -1946 -2089 -1919 -943 -335 -125 -82 -63 -53 -38 -17 -31 -52 -166 -94 -90 39 -9999 256 206 82 -9999 -9999 -9999 -9999 -9999 -9999 -9999 -9999 -9999 -9999 -9999 -9999 -9999 -9999 -9999 -9999 -9999 -9999 -9999 -9999 -9999 -9999 -9999 -9999
-3743 -3667 -3653 -3641 -3608 -3630 -3658 -3632 -3567 -3576 -3644 -3629 -3585 -3573 -3589 -3599 -3618 -3635 -3649 -3703 -3775 -3797 -3773 -3714 -3586 -3448 -3341 -3361 -2640 -2313 -1872 -907 -1816 -1940 -1604 -843 -249 -99 -53 -18 10 1 16 32 48 -41 -216 -193 -9999 -9999 -9999 -9999 -9999 -9999 -9999 -9999 -9999 -9999 -9999 -9999 -9999 -9999 -9999 -9999 -9999 -9999 -9999 -9999 -9999 -9999 -9999 -9999 -9999 -9999 -9999 -9999 -9999
-3681 -3632 -3699 -3714 -3663 -3647 -3624 -3588 -3581 -3624 -3676 -3666 -3602 -3609 -3646 -3673 -3686 -3732 -3793 -3809 -3840 -3814 -3742 -3724 -3571 -3280 -3293 -3021 -2215 -1987 -1671 -1467 -1638 -1639 -1192 -643 -184 -76 -52 -22 -3 29 43 17 -34 -34 -71 -242 -105 -108 -18 -9999 -9999 -9999 -9999 -9999 -9999 -9999 -9999 -9999 -9999 -9999 -9999 -9999 -9999 -9999 -9999 -9999 -9999 -9999 -9999 -9999 -9999 -9999 -9999 -9999 -9999
-3651 -3678 -3818 -3792 -3699 -3670 -3654 -3647 -3675 -3685 -3692 -3736 -3739 -3749 -3726 -3719 -3740 -3808 -3874 -3864 -3860 -3808 -3774 -3747 -3573 -3129 -3030 -2577 -2301 -1506 -547 -1212 -1673 -1591 -1271 -302 -104 -76 -56 -70 -57 0 26 30 52 -9999 33 -430 73 22 -9999 -9999 -9999 -9999 -9999 -9999 -9999 -9999 -9999 -9999 -9999 -9999 -9999 -9999 -9999 -9999 -9999 -9999 -9999 -9999 -9999 -9999 -9999 -9999 -9999 -9999 -9999
-3713 -3764 -3847 -3838 -3796 -3777 -3817 -3823 -3762 -3795 -3776 -3710 -3701 -3768 -3791 -3837 -3850 -3842 -3837 -3845 -3862 -3814 -3818 -3800 -3612 -3206 -2849 -2449 -2193 -1120 -974 -1285 -1364 -1112 -866 -265 -89 -68 -46 -44 -130 16 52 71 81 -9999 159 -70 -392 30 272 -9999 -9999 -9999 -9999 -9999 -9999 -9999 -9999 -9999 -9999 -9999 -9999 -9999 -9999 -9999 -9999 -9999 -9999 -9999 -9999 -9999 -9999 -9999 -9999 -9999 -9999
-3851 -3890 -3875 -3781 -3710 -3735 -3838 -3892 -3840 -3833 -3829 -3801 -3735 -3794 -3844 -3907 -3912 -3883 -3874 -3864 -3849 -3836 -3868 -3788 -3539 -3221 -2572 -2040 -1642 -843 -1233 -1338 -1255 -537 -220 -85 -67 -37 36 65 -21 -122 57 83 -9999 263 184 -236 -9999 -9999 -9999 267 150 -9999 -9999 -9999 -9999 -9999 -9999 -9999 -9999 -9999 -9999 -9999 -9999 -9999 -9999 -9999 -9999 -9999 -9999 -9999 -9999 -9999 -9999 -9999 -9999
-3948 -3978 -3892 -3658 -3346 -3296 -3569 -3843 -3879 -3768 -3820 -3916 -3784 -3785 -3826 -3876 -3900 -3896 -3871 -3854 -3857 -3876 -3896 -3683 -3269 -3119 -2641 -2074 -1182 -1430 -1663 -1578 -1155 -248 -134 -58 -49 -9999 -9999 -9999 -9999 -9999 -9999 -9999 223 104 150 -54 -669 -32 -9999 -9999 -9999 -9999 -9999 -9999 -9999 -9999 -9999 -9999 -9999 -9999 -9999 -9999 -9999 -9999 -9999 -9999 -9999 -9999 -9999 -9999 -9999 -9999 -9999 -9999 -9999
