brt_modelling/variables/recorte_bo_sstmean_lonlat_tif_tif.asc
ncols         422
nrows         720
xllcorner     -85.083333333333
yllcorner     -60
cellsize      0.083333333333333
NODATA_value  -9999
[rows 363 to 395 of 720, columns 0 to 74 of 422]
-9999 19.536 19.506 19.489 19.485 19.488 19.454 19.43 19.454 19.39 19.4 19.387 19.367 19.407 19.442 19.414 19.385 19.362 19.371 19.373 19.341 19.322 19.31 19.294 19.286 19.212 19.202 19.179 19.226 19.244 19.228 19.176 19.119 19.128 19.098 19.065 19.031 19.038 19.022 19 18.995 19.003 18.984 18.939 18.954 18.95 18.933 18.926 18.898 18.915 18.878 18.834 18.846 18.834 18.839 18.812 18.769 18.741 18.691 18.703 18.693 18.677 18.627 18.568 18.56 18.567 18.549 18.535 18.542 18.516 18.496 18.49 18.488 18.432 18.418
-9999 19.537 19.508 19.493 19.484 19.463 19.427 19.4 19.404 19.353 19.345 19.351 19.382 19.384 19.398 19.38 19.358 19.338 19.332 19.367 19.347 19.308 19.304 19.273 19.251 19.231 19.183 19.177 19.183 19.213 19.181 19.174 19.162 19.119 19.114 19.073 19.022 19.018 18.997 18.979 18.977 18.938 18.943 18.938 18.892 18.919 18.913 18.922 18.914 18.89 18.856 18.834 18.829 18.808 18.802 18.77 18.736 18.706 18.704 18.714 18.684 18.662 18.646 18.602 18.571 18.564 18.533 18.513 18.499 18.501 18.501 18.439 18.446 18.444 18.44
-9999 19.496 19.506 19.473 19.461 19.427 19.387 19.367 19.368 19.333 19.313 19.322 19.332 19.344 19.319 19.308 19.308 19.321 19.328 19.322 19.327 19.294 19.299 19.249 19.213 19.192 19.165 19.158 19.143 19.162 19.145 19.124 19.122 19.099 19.081 19.063 19.047 19.024 18.972 18.946 18.943 18.895 18.86 18.882 18.882 18.905 18.878 18.867 18.86 18.86 18.808 18.824 18.8 18.784 18.763 18.758 18.713 18.65 18.682 18.699 18.71 18.609 18.599 18.588 18.544 18.541 18.511 18.484 18.486 18.458 18.472 18.456 18.44 18.422 18.404
-9999 19.448 19.44 19.447 19.387 19.397 19.364 19.327 19.301 19.274 19.29 19.313 19.281 19.267 19.265 19.279 19.262 19.285 19.262 19.253 19.268 19.24 19.2 19.198 19.176 19.168 19.164 19.149 19.137 19.168 19.159 19.115 19.107 19.067 19.092 19.055 19.044 19.012 18.982 18.952 18.913 18.89 18.879 18.853 18.84 18.835 18.822 18.819 18.824 18.795 18.771 18.806 18.748 18.756 18.727 18.711 18.664 18.64 18.64 18.653 18.639 18.589 18.553 18.527 18.534 18.513 18.498 18.485 18.477 18.443 18.463 18.442 18.421 18.371 18.361
-9999 19.418 19.438 19.43 19.393 19.365 19.338 19.326 19.31 19.29 19.273 19.264 19.279 19.277 19.266 19.268 19.234 19.241 19.238 19.229 19.206 19.193 19.161 19.143 19.14 19.164 19.147 19.117 19.123 19.138 19.116 19.097 19.048 19.048 19.062 19.058 19.02 18.988 18.967 18.91 18.913 18.924 18.88 18.861 18.845 18.803 18.779 18.791 18.795 18.762 18.746 18.746 18.726 18.72 18.706 18.679 18.66 18.641 18.627 18.624 18.597 18.551 18.541 18.536 18.508 18.483 18.488 18.466 18.466 18.455 18.424 18.43 18.417 18.396 18.369
-9999 19.431 19.425 19.406 19.356 19.328 19.288 19.284 19.261 19.282 19.244 19.217 19.242 19.228 19.246 19.233 19.219 19.197 19.195 19.193 19.153 19.163 19.15 19.135 19.11 19.129 19.127 19.139 19.126 19.086 19.084 19.086 19.049 19.015 19.038 19.061 19.027 18.981 18.942 18.918 18.902 18.915 18.913 18.838 18.832 18.794 18.783 18.757 18.764 18.743 18.714 18.709 18.702 18.69 18.677 18.635 18.628 18.619 18.602 18.562 18.543 18.533 18.53 18.502 18.487 18.47 18.456 18.433 18.425 18.432 18.416 18.411 18.432 18.382 18.352
-9999 19.427 19.4 19.379 19.354 19.32 19.309 19.273 19.272 19.252 19.258 19.244 19.217 19.214 19.213 19.204 19.198 19.207 19.155 19.15 19.157 19.126 19.125 19.117 19.099 19.096 19.093 19.088 19.086 19.082 19.099 19.05 19.026 19.038 19.027 19.017 18.995 18.973 18.935 18.948 18.884 18.873 18.893 18.848 18.821 18.808 18.784 18.768 18.746 18.714 18.682 18.668 18.654 18.66 18.655 18.627 18.594 18.609 18.61 18.553 18.537 18.527 18.509 18.5 18.484 18.465 18.456 18.401 18.375 18.38 18.372 18.39 18.388 18.389 18.344
-9999 19.398 19.328 19.323 19.339 19.291 19.245 19.25 19.226 19.212 19.216 19.234 19.222 19.208 19.233 19.194 19.187 19.171 19.143 19.139 19.122 19.116 19.11 19.09 19.067 19.046 19.068 19.06 19.064 19.036 19.032 19.013 18.97 18.956 18.95 18.921 18.957 18.955 18.94 18.909 18.884 18.861 18.86 18.849 18.831 18.816 18.792 18.749 18.738 18.715 18.678 18.669 18.646 18.624 18.598 18.606 18.59 18.604 18.595 18.548 18.529 18.516 18.504 18.485 18.457 18.457 18.446 18.395 18.356 18.35 18.357 18.341 18.334 18.346 18.318
-9999 19.386 19.309 19.27 19.244 19.233 19.2 19.202 19.186 19.175 19.199 19.208 19.217 19.214 19.209 19.195 19.145 19.114 19.122 19.118 19.104 19.092 19.082 19.069 19.077 19.061 19.073 19.021 19.034 19.015 19.002 18.993 18.974 18.929 18.914 18.909 18.9 18.924 18.88 18.864 18.874 18.839 18.849 18.811 18.816 18.799 18.737 18.753 18.726 18.7 18.69 18.659 18.641 18.61 18.604 18.603 18.596 18.585 18.565 18.508 18.522 18.512 18.454 18.472 18.461 18.444 18.405 18.358 18.353 18.352 18.339 18.338 18.316 18.313 18.286
-9999 19.32 19.281 19.247 19.216 19.21 19.203 19.164 19.159 19.184 19.206 19.213 19.182 19.164 19.131 19.124 19.092 19.09 19.102 19.102 19.082 19.041 19.053 19.025 19.03 19.018 19.004 19 18.992 18.983 18.98 18.952 18.945 18.914 18.866 18.879 18.885 18.837 18.817 18.789 18.812 18.806 18.799 18.793 18.786 18.784 18.753 18.735 18.694 18.685 18.658 18.65 18.643 18.631 18.619 18.606 18.584 18.558 18.508 18.477 18.489 18.48 18.455 18.437 18.411 18.429 18.418 18.362 18.333 18.334 18.304 18.309 18.315 18.259 18.241
-9999 19.265 19.219 19.204 19.183 19.162 19.108 19.119 19.123 19.149 19.134 19.154 19.143 19.094 19.078 19.07 19.071 19.051 19.064 19.067 19.039 19.013 19.014 19.023 18.981 18.99 18.984 18.981 18.95 18.965 18.96 18.924 18.876 18.896 18.858 18.828 18.806 18.769 18.777 18.785 18.785 18.799 18.782 18.766 18.751 18.751 18.758 18.736 18.71 18.664 18.662 18.629 18.622 18.63 18.581 18.57 18.538 18.542 18.508 18.463 18.46 18.47 18.452 18.437 18.421 18.392 18.375 18.35 18.341 18.305 18.294 18.265 18.248 18.218 18.21
-9999 19.232 19.167 19.13 19.106 19.103 19.096 19.073 19.066 19.055 19.045 19.075 19.07 19.052 19.011 19.007 18.982 18.996 18.997 18.995 18.975 18.986 19 18.995 18.959 18.974 18.979 18.968 18.955 18.913 18.886 18.881 18.871 18.848 18.828 18.81 18.786 18.791 18.776 18.767 18.756 18.769 18.753 18.719 18.711 18.705 18.682 18.714 18.693 18.674 18.64 18.62 18.603 18.6 18.581 18.568 18.568 18.516 18.503 18.501 18.446 18.442 18.442 18.426 18.423 18.393 18.383 18.326 18.313 18.301 18.278 18.252 18.225 18.21 18.17
-9999 19.172 19.166 19.132 19.076 19.104 19.089 19.055 19.04 19.045 19.04 19.019 19.016 18.988 18.982 18.976 18.955 18.896 18.936 18.925 18.906 18.916 18.939 18.937 18.907 18.889 18.906 18.909 18.881 18.897 18.873 18.853 18.832 18.82 18.81 18.778 18.757 18.749 18.77 18.737 18.741 18.704 18.673 18.684 18.667 18.668 18.648 18.648 18.662 18.637 18.627 18.632 18.617 18.6 18.563 18.55 18.536 18.517 18.468 18.439 18.416 18.421 18.409 18.394 18.408 18.363 18.336 18.319 18.302 18.266 18.243 18.23 18.204 18.184 18.133
-9999 19.162 19.14 19.12 19.095 19.071 19.078 19.06 19.057 19.037 19.018 18.99 18.964 18.958 18.96 18.904 18.9 18.883 18.879 18.889 18.877 18.855 18.89 18.895 18.872 18.866 18.875 18.871 18.854 18.834 18.814 18.832 18.807 18.77 18.766 18.757 18.735 18.76 18.746 18.723 18.7 18.678 18.66 18.633 18.633 18.643 18.606 18.601 18.619 18.608 18.595 18.586 18.6 18.586 18.558 18.551 18.518 18.505 18.462 18.415 18.4 18.399 18.379 18.358 18.346 18.342 18.322 18.288 18.284 18.265 18.213 18.171 18.155 18.14 18.101
-9999 19.126 19.098 19.082 19.092 19.057 19.017 18.988 18.997 19.003 18.964 18.972 18.95 18.925 18.922 18.906 18.893 18.867 18.853 18.837 18.837 18.832 18.824 18.881 18.842 18.823 18.814 18.783 18.787 18.789 18.79 18.818 18.774 18.782 18.752 18.724 18.71 18.713 18.715 18.71 18.704 18.682 18.621 18.606 18.632 18.639 18.624 18.606 18.586 18.578 18.563 18.539 18.569 18.56 18.541 18.508 18.525 18.495 18.458 18.412 18.379 18.37 18.344 18.351 18.356 18.33 18.317 18.301 18.268 18.215 18.18 18.152 18.12 18.112 18.105
-9999 19.094 19.063 19.035 19.054 19.023 19.024 18.991 18.984 18.97 18.952 18.935 18.912 18.891 18.912 18.892 18.864 18.849 18.825 18.806 18.804 18.814 18.804 18.789 18.815 18.786 18.776 18.787 18.793 18.792 18.799 18.776 18.77 18.772 18.733 18.743 18.7 18.708 18.695 18.677 18.674 18.66 18.621 18.577 18.569 18.603 18.613 18.56 18.551 18.548 18.542 18.56 18.565 18.53 18.526 18.503 18.49 18.454 18.447 18.434 18.377 18.374 18.351 18.346 18.349 18.325 18.294 18.285 18.217 18.176 18.159 18.135 18.132 18.081 18.079
-9999 19.044 19.027 19.004 19.032 19.015 19.011 18.982 18.95 18.95 18.891 18.91 18.893 18.858 18.885 18.84 18.828 18.787 18.748 18.774 18.765 18.752 18.728 18.733 18.756 18.778 18.775 18.778 18.769 18.743 18.731 18.729 18.707 18.705 18.727 18.677 18.692 18.692 18.668 18.652 18.656 18.617 18.591 18.557 18.542 18.582 18.556 18.529 18.499 18.509 18.514 18.522 18.551 18.515 18.501 18.479 18.466 18.456 18.457 18.419 18.369 18.356 18.328 18.328 18.317 18.264 18.27 18.278 18.192 18.176 18.147 18.127 18.11 18.047 18.052
-9999 19.022 19.013 18.995 18.986 18.95 18.977 18.978 18.949 18.938 18.883 18.863 18.871 18.852 18.862 18.85 18.781 18.773 18.745 18.734 18.737 18.74 18.697 18.73 18.709 18.703 18.703 18.712 18.711 18.675 18.704 18.711 18.718 18.694 18.677 18.677 18.681 18.689 18.658 18.639 18.607 18.61 18.557 18.524 18.517 18.522 18.498 18.494 18.499 18.516 18.507 18.518 18.466 18.452 18.484 18.454 18.413 18.415 18.408 18.387 18.381 18.369 18.324 18.281 18.255 18.237 18.22 18.197 18.177 18.167 18.129 18.134 18.105 18.033 18.031
-9999 19.009 18.964 18.959 18.944 18.943 18.926 18.91 18.891 18.897 18.877 18.822 18.84 18.842 18.842 18.802 18.757 18.738 18.758 18.721 18.682 18.681 18.666 18.686 18.694 18.677 18.679 18.662 18.642 18.634 18.643 18.647 18.664 18.676 18.656 18.653 18.651 18.645 18.619 18.613 18.602 18.543 18.556 18.539 18.529 18.499 18.484 18.505 18.476 18.456 18.479 18.448 18.434 18.408 18.432 18.388 18.395 18.396 18.347 18.326 18.339 18.324 18.258 18.234 18.21 18.191 18.217 18.225 18.165 18.149 18.147 18.132 18.083 18.049 18.015
-9999 18.909 18.922 18.908 18.88 18.889 18.834 18.881 18.853 18.836 18.822 18.776 18.798 18.809 18.798 18.762 18.724 18.728 18.724 18.697 18.655 18.65 18.649 18.658 18.668 18.672 18.631 18.637 18.649 18.607 18.611 18.608 18.61 18.601 18.606 18.647 18.612 18.629 18.576 18.561 18.544 18.533 18.513 18.491 18.488 18.458 18.448 18.464 18.43 18.41 18.408 18.435 18.442 18.407 18.391 18.354 18.362 18.353 18.334 18.283 18.267 18.252 18.23 18.22 18.191 18.188 18.174 18.177 18.172 18.08 18.084 18.092 18.036 18.006 17.986
-9999 18.88 18.861 18.847 18.852 18.855 18.814 18.804 18.81 18.799 18.806 18.793 18.796 18.782 18.738 18.721 18.696 18.695 18.676 18.678 18.695 18.664 18.665 18.654 18.657 18.647 18.636 18.597 18.582 18.576 18.573 18.555 18.517 18.512 18.546 18.576 18.558 18.543 18.545 18.527 18.496 18.503 18.505 18.53 18.484 18.425 18.397 18.395 18.364 18.396 18.372 18.372 18.398 18.397 18.355 18.348 18.348 18.324 18.278 18.259 18.238 18.208 18.205 18.208 18.194 18.155 18.129 18.112 18.112 18.098 18.054 18.035 17.991 17.975 17.933
-9999 18.822 18.795 18.808 18.794 18.788 18.779 18.75 18.729 18.717 18.749 18.757 18.737 18.732 18.671 18.662 18.655 18.642 18.616 18.641 18.65 18.644 18.684 18.639 18.631 18.624 18.593 18.581 18.567 18.592 18.564 18.548 18.51 18.521 18.529 18.523 18.48 18.442 18.466 18.44 18.476 18.47 18.445 18.48 18.477 18.47 18.39 18.364 18.329 18.351 18.342 18.339 18.391 18.388 18.368 18.32 18.32 18.294 18.278 18.245 18.236 18.221 18.169 18.166 18.144 18.142 18.125 18.101 18.112 18.08 18.028 17.977 17.97 17.932 17.909
-9999 18.731 18.776 18.754 18.717 18.736 18.709 18.707 18.691 18.682 18.703 18.705 18.666 18.664 18.647 18.656 18.639 18.61 18.593 18.621 18.643 18.61 18.63 18.655 18.619 18.602 18.588 18.587 18.54 18.538 18.537 18.501 18.502 18.535 18.51 18.431 18.42 18.432 18.421 18.424 18.428 18.427 18.437 18.435 18.416 18.418 18.389 18.4 18.293 18.34 18.348 18.348 18.321 18.328 18.311 18.287 18.284 18.268 18.231 18.247 18.234 18.176 18.154 18.154 18.137 18.105 18.095 18.093 18.057 18.049 18.017 17.934 17.915 17.916 17.887
-9999 18.712 18.692 18.696 18.699 18.685 18.67 18.638 18.644 18.638 18.623 18.645 18.627 18.602 18.63 18.598 18.585 18.548 18.529 18.575 18.616 18.595 18.596 18.565 18.581 18.559 18.522 18.538 18.543 18.532 18.478 18.478 18.496 18.506 18.476 18.464 18.45 18.469 18.429 18.427 18.396 18.405 18.428 18.374 18.347 18.382 18.389 18.398 18.313 18.325 18.32 18.297 18.291 18.311 18.292 18.268 18.249 18.219 18.201 18.2 18.178 18.152 18.144 18.119 18.102 18.095 18.078 18.048 18.048 18.001 17.987 17.931 17.902 17.889 17.9
-9999 18.718 18.666 18.691 18.701 18.666 18.609 18.623 18.61 18.587 18.614 18.57 18.563 18.546 18.558 18.557 18.551 18.518 18.48 18.527 18.556 18.551 18.505 18.502 18.513 18.499 18.488 18.468 18.475 18.464 18.471 18.435 18.422 18.418 18.424 18.435 18.444 18.413 18.415 18.41 18.434 18.394 18.33 18.331 18.326 18.31 18.33 18.342 18.274 18.251 18.245 18.27 18.255 18.253 18.258 18.242 18.228 18.194 18.221 18.173 18.142 18.101 18.125 18.127 18.091 18.063 18.039 18.002 18.013 17.998 17.957 17.894 17.874 17.848 17.833
-9999 18.698 18.632 18.616 18.624 18.594 18.567 18.587 18.571 18.562 18.541 18.511 18.509 18.517 18.517 18.504 18.492 18.483 18.45 18.432 18.442 18.492 18.481 18.491 18.507 18.482 18.457 18.408 18.394 18.396 18.396 18.414 18.385 18.378 18.414 18.394 18.387 18.407 18.402 18.388 18.406 18.349 18.311 18.251 18.246 18.273 18.266 18.242 18.22 18.215 18.187 18.181 18.175 18.184 18.19 18.182 18.199 18.145 18.191 18.147 18.115 18.074 18.092 18.062 18.039 17.983 18.001 17.975 17.967 17.929 17.928 17.873 17.862 17.828 17.82
-9999 18.625 18.628 18.589 18.604 18.564 18.519 18.549 18.559 18.532 18.509 18.498 18.504 18.497 18.477 18.493 18.493 18.45 18.446 18.409 18.407 18.409 18.46 18.455 18.457 18.432 18.419 18.396 18.366 18.359 18.337 18.35 18.335 18.335 18.337 18.349 18.335 18.314 18.349 18.364 18.351 18.33 18.255 18.223 18.203 18.213 18.21 18.197 18.165 18.144 18.148 18.171 18.138 18.146 18.142 18.118 18.155 18.156 18.135 18.135 18.104 18.054 18.059 18.034 17.97 17.979 17.959 17.952 17.914 17.906 17.9 17.849 17.848 17.823 17.778
-9999 18.583 18.59 18.553 18.566 18.528 18.502 18.484 18.476 18.482 18.499 18.503 18.51 18.502 18.48 18.481 18.463 18.435 18.406 18.376 18.371 18.363 18.408 18.45 18.386 18.395 18.398 18.414 18.337 18.342 18.349 18.366 18.323 18.285 18.265 18.287 18.325 18.297 18.278 18.293 18.283 18.254 18.253 18.222 18.18 18.196 18.178 18.131 18.135 18.106 18.127 18.134 18.142 18.137 18.12 18.083 18.127 18.109 18.124 18.106 18.066 18.027 18.043 17.998 17.962 17.958 17.939 17.91 17.886 17.878 17.872 17.834 17.816 17.763 17.742
-9999 18.523 18.526 18.501 18.528 18.493 18.486 18.448 18.4 18.412 18.425 18.431 18.464 18.447 18.449 18.436 18.439 18.375 18.343 18.341 18.329 18.324 18.315 18.348 18.364 18.379 18.4 18.374 18.377 18.324 18.309 18.32 18.284 18.22 18.22 18.267 18.251 18.253 18.235 18.223 18.236 18.227 18.211 18.198 18.169 18.179 18.184 18.123 18.097 18.076 18.079 18.092 18.081 18.088 18.099 18.108 18.078 18.055 18.063 18.045 17.992 17.982 17.982 17.952 17.948 17.925 17.904 17.868 17.878 17.867 17.843 17.816 17.806 17.763 17.717
-9999 18.511 18.503 18.508 18.497 18.493 18.433 18.421 18.391 18.355 18.37 18.364 18.389 18.399 18.417 18.38 18.397 18.37 18.302 18.313 18.309 18.273 18.272 18.304 18.329 18.341 18.344 18.32 18.334 18.276 18.238 18.244 18.225 18.216 18.211 18.217 18.224 18.208 18.209 18.174 18.166 18.168 18.188 18.167 18.167 18.165 18.133 18.132 18.113 18.056 18.065 18.043 18.047 18.048 18.073 18.074 18.052 18.016 18.004 18.025 18.005 17.981 17.942 17.915 17.901 17.944 17.893 17.853 17.848 17.851 17.815 17.789 17.73 17.72 17.684
-9999 18.474 18.457 18.462 18.482 18.434 18.421 18.392 18.413 18.358 18.328 18.331 18.333 18.344 18.323 18.336 18.327 18.312 18.304 18.3 18.241 18.224 18.251 18.304 18.308 18.292 18.301 18.297 18.265 18.254 18.228 18.18 18.155 18.153 18.177 18.198 18.159 18.177 18.155 18.125 18.132 18.104 18.122 18.121 18.126 18.117 18.082 18.082 18.089 18.053 18.013 18.006 18.046 18.025 18.015 17.998 18.02 17.976 17.938 17.976 17.962 17.894 17.9 17.866 17.856 17.866 17.835 17.795 17.801 17.801 17.769 17.756 17.712 17.683 17.615
-9999 18.419 18.447 18.432 18.408 18.388 18.349 18.364 18.363 18.341 18.346 18.338 18.297 18.278 18.304 18.272 18.254 18.26 18.265 18.258 18.234 18.227 18.23 18.254 18.232 18.232 18.227 18.228 18.205 18.181 18.128 18.138 18.181 18.159 18.149 18.14 18.126 18.122 18.126 18.119 18.078 18.063 18.08 18.075 18.073 18.06 18.061 18.045 18.058 17.995 17.99 17.972 17.967 17.989 17.969 17.942 17.975 17.935 17.925 17.898 17.89 17.864 17.86 17.843 17.819 17.769 17.759 17.742 17.773 17.738 17.726 17.716 17.709 17.653 17.61
-9999 18.36 18.37 18.354 18.32 18.337 18.348 18.31 18.315 18.295 18.319 18.296 18.267 18.269 18.285 18.24 18.23 18.211 18.231 18.221 18.216 18.184 18.179 18.213 18.244 18.225 18.176 18.186 18.171 18.13 18.072 18.108 18.168 18.144 18.101 18.079 18.065 18.084 18.08 18.063 18.042 18.036 18.037 18.021 18.024 17.994 17.975 17.972 17.967 17.952 17.952 17.951 17.94 17.933 17.902 17.864 17.878 17.898 17.875 17.86 17.846 17.807 17.777 17.787 17.717 17.734 17.713 17.704 17.707 17.683 17.704 17.676 17.687 17.647 17.605
