brt_modelling/variables/recorte_bo_bathymean_lonlat_tif_tif.asc
ncols         422
nrows         720
xllcorner     -85.083333333333
yllcorner     -60
cellsize      0.083333333333333
NODATA_value  -9999
[rows 544 to 577 of 720, columns 0 to 76 of 422]
-9999 -4310 -4407 -4454 -4564 -4585 -4457 -4420 -4428 -4213 -4057 -3963 -3758 -3542 -3414 -3441 -3466 -3468 -3486 -3417 -3318 -3155 -3159 -3089 -3001 -2951 -3022 -3163 -3243 -3223 -3212 -3246 -3390 -3467 -3504 -3594 -3671 -3720 -3700 -3654 -3589 -3550 -3547 -3551 -3501 -3433 -3410 -3301 -3146 -3027 -3065 -2984 -2972 -3034 -3144 -3147 -3102 -3083 -3181 -3162 -3018 -3048 -3090 -3219 -3212 -3207 -3200 -3181 -3138 -2885 -2522 -2427 -2777 -2952 -3095 -2933 -2673
-9999 -4954 -4873 -4732 -4507 -4253 -4099 -4057 -4040 -3898 -3898 -3903 -3683 -3481 -3497 -3483 -3410 -3337 -3377 -3336 -3362 -3231 -3119 -3175 -3158 -3115 -3138 -3206 -3248 -3277 -3378 -3444 -3499 -3475 -3471 -3575 -3646 -3666 -3689 -3598 -3558 -3574 -3535 -3515 -3485 -3433 -3407 -3342 -3347 -3278 -3115 -3021 -3133 -3192 -3120 -3126 -3231 -3171 -3192 -3307 -3291 -3304 -3238 -3213 -3159 -3279 -3325 -3286 -3157 -2711 -2395 -2466 -2676 -2907 -3068 -2859 -2414
-9999 -4107 -4215 -4317 -4166 -3984 -4121 -4140 -4017 -3916 -3838 -3728 -3470 -3319 -3335 -3319 -3378 -3382 -3371 -3362 -3381 -3334 -3394 -3365 -3237 -3346 -3386 -3392 -3373 -3389 -3504 -3637 -3663 -3594 -3522 -3521 -3621 -3673 -3653 -3639 -3525 -3526 -3530 -3503 -3433 -3470 -3465 -3386 -3400 -3313 -3210 -3181 -3250 -3312 -3223 -3190 -3271 -3272 -3256 -3343 -3405 -3286 -3185 -3153 -3120 -3132 -3213 -3206 -3222 -2664 -2462 -2680 -2753 -2861 -3033 -2885 -2814
-9999 -4153 -4306 -4420 -4269 -4070 -4178 -4139 -3907 -3813 -3762 -3675 -3436 -3198 -3205 -3265 -3389 -3437 -3423 -3472 -3470 -3505 -3569 -3551 -3525 -3599 -3597 -3555 -3501 -3451 -3548 -3699 -3719 -3742 -3695 -3620 -3674 -3684 -3632 -3620 -3504 -3530 -3624 -3572 -3488 -3526 -3501 -3433 -3465 -3416 -3395 -3358 -3408 -3406 -3353 -3403 -3536 -3506 -3391 -3384 -3435 -3153 -3265 -3516 -3409 -3309 -2949 -3092 -3285 -2902 -2959 -2939 -3028 -2917 -2625 -2032 -2609
-9999 -4443 -4327 -4209 -4169 -4054 -3989 -3828 -3612 -3641 -3684 -3626 -3459 -3356 -3456 -3482 -3548 -3620 -3621 -3627 -3583 -3587 -3524 -3526 -3601 -3521 -3452 -3578 -3713 -3697 -3755 -3810 -3748 -3770 -3789 -3733 -3665 -3665 -3724 -3720 -3643 -3600 -3639 -3653 -3612 -3589 -3569 -3470 -3477 -3468 -3466 -3360 -3514 -3549 -3474 -3538 -3580 -3561 -3544 -3538 -3455 -3300 -3286 -3489 -3531 -3476 -3233 -3066 -2898 -3052 -3339 -3116 -3232 -3266 -3103 -2948 -3061
-9999 -4056 -3926 -3846 -3944 -3965 -3914 -3732 -3443 -3374 -3574 -3687 -3626 -3571 -3606 -3618 -3659 -3694 -3704 -3704 -3646 -3618 -3583 -3542 -3573 -3565 -3634 -3806 -3966 -3973 -3960 -3903 -3791 -3776 -3760 -3716 -3688 -3675 -3731 -3777 -3700 -3611 -3645 -3665 -3609 -3580 -3610 -3419 -3395 -3519 -3496 -3417 -3639 -3714 -3601 -3614 -3599 -3607 -3665 -3541 -3412 -3333 -3240 -3399 -3381 -3325 -3236 -3033 -2778 -3403 -3419 -3234 -3083 -3207 -3269 -3445 -3245
-9999 -3711 -3780 -3900 -3885 -3777 -3844 -3862 -3546 -3132 -3365 -3674 -3649 -3552 -3524 -3629 -3721 -3685 -3666 -3723 -3717 -3685 -3611 -3624 -3646 -3673 -3828 -3944 -4017 -4005 -3939 -3885 -3862 -3859 -3829 -3725 -3645 -3671 -3668 -3677 -3647 -3671 -3673 -3631 -3662 -3747 -3682 -3547 -3482 -3546 -3512 -3415 -3593 -3748 -3633 -3550 -3571 -3656 -3556 -3197 -3116 -3225 -3293 -3358 -3319 -3381 -3409 -3362 -3493 -3703 -3611 -3432 -3445 -3477 -3652 -3818 -3569
-9999 -3796 -3830 -3881 -3920 -3890 -3871 -3853 -3674 -3408 -3614 -3663 -3081 -2660 -2735 -3298 -3705 -3809 -3785 -3732 -3709 -3737 -3721 -3690 -3719 -3754 -3838 -3805 -3776 -3861 -3921 -3871 -3816 -3849 -3824 -3720 -3656 -3562 -3534 -3474 -3506 -3645 -3676 -3670 -3694 -3750 -3719 -3599 -3510 -3537 -3497 -3394 -3481 -3745 -3777 -3615 -3522 -3678 -3660 -3496 -3567 -3544 -3619 -3495 -3357 -3421 -3715 -3834 -3876 -3994 -4044 -3904 -3702 -3531 -3538 -3608 -3477
-9999 -3806 -3808 -3857 -3873 -3868 -3831 -3821 -3808 -3713 -3735 -3373 -1778 -558 -508 -1043 -2419 -3492 -3781 -3595 -3430 -3657 -3816 -3782 -3741 -3812 -3870 -3847 -3850 -3856 -3829 -3774 -3756 -3788 -3722 -3696 -3613 -3480 -3516 -3488 -3440 -3484 -3565 -3592 -3537 -3659 -3770 -3708 -3627 -3588 -3473 -3401 -3418 -3579 -3724 -3623 -3618 -3746 -3869 -3853 -3941 -3897 -3900 -3972 -4093 -4037 -4140 -3846 -3825 -3693 -3456 -3219 -2853 -2757 -2952 -3148 -3161
-9999 -3899 -3828 -3927 -3918 -3872 -3794 -3773 -3791 -3789 -3771 -3394 -1675 -1155 -820 -887 -2004 -3148 -3565 -3594 -3628 -3768 -3837 -3800 -3824 -3870 -3851 -3853 -3823 -3678 -3634 -3678 -3684 -3512 -3446 -3530 -3514 -3345 -3317 -3394 -3430 -3481 -3565 -3547 -3475 -3578 -3718 -3769 -3713 -3644 -3597 -3513 -3578 -3730 -3817 -3685 -3598 -3744 -3906 -4073 -4172 -4077 -3964 -3525 -3229 -3099 -3329 -2953 -2981 -3164 -3156 -3238 -3258 -3387 -3392 -3270 -3387
-9999 -3917 -3814 -3891 -3859 -3794 -3739 -3752 -3751 -3747 -3779 -3637 -3114 -2973 -2945 -2963 -3367 -3701 -3703 -3700 -3757 -3767 -3798 -3821 -3840 -3795 -3716 -3713 -3595 -3532 -3556 -3667 -3557 -3369 -3316 -3324 -3288 -3197 -3150 -3307 -3369 -3324 -3340 -3449 -3454 -3558 -3496 -3622 -3480 -3504 -3564 -3603 -3598 -3698 -3728 -3701 -3674 -3698 -3696 -3602 -3550 -3395 -3285 -3064 -3060 -3620 -4255 -3916 -3922 -3957 -3889 -3796 -3623 -3686 -3667 -3643 -3667
-9999 -3960 -3904 -3936 -3828 -3746 -3670 -3641 -3675 -3637 -3656 -3652 -3451 -3265 -3360 -3496 -3599 -3692 -3722 -3738 -3706 -3628 -3631 -3645 -3697 -3626 -3610 -3598 -3603 -3658 -3634 -3553 -3376 -3340 -3342 -3231 -3187 -3317 -3354 -3415 -3535 -3358 -3368 -3542 -3543 -3616 -3699 -3691 -3708 -3739 -3782 -3841 -3848 -3837 -3835 -3799 -3797 -3723 -3530 -3377 -3432 -3552 -3633 -3749 -3972 -4293 -4427 -4363 -4221 -4115 -3990 -3814 -3689 -3703 -3661 -3652 -3621
-9999 -3846 -3856 -3909 -3866 -3795 -3599 -3505 -3562 -3625 -3682 -3788 -3818 -3753 -3742 -3666 -3604 -3585 -3599 -3634 -3521 -3420 -3433 -3441 -3529 -3507 -3445 -3489 -3597 -3760 -3679 -3656 -3582 -3611 -3638 -3652 -3753 -3913 -3992 -3898 -3844 -3771 -3737 -3657 -3601 -3659 -3676 -3638 -3615 -3603 -3591 -3683 -3650 -3557 -3568 -3638 -3713 -3667 -3460 -3245 -3362 -3701 -3845 -3976 -4212 -4442 -4410 -4310 -4189 -4089 -4009 -3726 -3561 -3573 -3452 -3302 -3278
-9999 -3934 -3901 -3871 -3903 -3840 -3593 -3496 -3627 -3800 -3771 -3551 -3728 -3863 -3791 -3701 -3772 -3735 -3583 -3565 -3369 -3238 -3221 -3216 -3382 -3372 -3350 -3412 -3484 -3595 -3683 -3837 -3886 -3968 -3979 -3945 -3899 -3834 -4016 -3888 -3768 -3649 -3518 -3349 -3392 -3353 -3192 -3038 -3140 -3252 -3229 -3251 -3265 -3315 -3463 -3695 -3770 -3697 -3591 -3565 -3732 -4035 -4192 -4249 -4396 -4535 -4464 -4302 -4197 -4035 -3804 -3545 -3457 -3469 -3375 -3300 -3350
-9999 -4056 -3886 -3777 -3796 -3784 -3668 -3505 -3649 -3827 -3583 -3339 -3532 -3590 -3409 -3578 -3791 -3798 -3675 -3514 -3384 -3444 -3546 -3590 -3727 -3738 -3797 -3770 -3769 -3764 -3722 -3735 -3793 -3888 -3893 -3787 -3761 -3790 -3859 -3801 -3634 -3334 -2970 -2870 -3006 -3037 -2900 -2896 -3066 -3139 -3132 -3186 -3372 -3624 -3875 -3992 -3928 -3833 -3622 -3705 -4027 -4308 -4396 -4370 -4383 -4398 -4316 -4190 -4165 -4095 -3812 -3577 -3503 -3532 -3436 -3359 -3422
-9999 -4186 -3961 -3778 -3651 -3634 -3836 -3820 -3891 -4084 -4118 -4079 -4017 -3935 -3641 -3565 -3625 -3653 -3687 -3605 -3571 -3651 -3731 -3810 -3810 -3801 -3779 -3800 -3753 -3691 -3668 -3661 -3693 -3832 -3925 -3801 -3879 -4010 -4007 -3879 -3363 -2365 -1681 -1942 -2625 -3134 -3333 -3426 -3508 -3523 -3552 -3744 -3982 -4092 -4144 -4076 -3857 -3735 -3808 -3836 -4072 -4203 -4260 -4389 -4449 -4404 -4207 -3915 -3711 -3642 -3589 -3576 -3603 -3521 -3449 -3422 -3453
-9999 -4029 -3964 -3954 -3951 -3893 -3918 -3848 -3880 -3935 -3944 -3787 -3686 -3825 -3732 -3557 -3564 -3529 -3594 -3665 -3659 -3619 -3637 -3766 -3752 -3790 -3759 -3735 -3752 -3721 -3656 -3686 -3715 -3837 -4082 -4098 -4022 -3978 -3878 -3831 -3483 -2813 -2541 -2936 -3476 -3658 -3648 -3623 -3642 -3685 -3770 -3934 -4037 -3964 -3917 -3887 -3785 -3718 -3852 -4110 -4297 -4307 -4307 -4449 -4436 -4313 -4247 -4225 -3965 -3698 -3791 -3817 -3669 -3598 -3577 -3448 -3413
-9999 -3991 -3945 -3974 -3973 -3921 -3767 -3720 -3820 -3843 -3625 -3396 -3427 -3599 -3677 -3588 -3574 -3555 -3637 -3668 -3588 -3633 -3707 -3721 -3742 -3732 -3700 -3679 -3703 -3656 -3688 -3778 -3739 -3599 -3477 -3699 -3582 -3540 -3600 -3826 -3833 -3869 -3901 -3852 -3783 -3709 -3659 -3631 -3678 -3792 -3857 -3835 -3807 -3733 -3760 -3716 -3659 -3771 -4031 -4246 -4307 -4357 -4438 -4446 -4273 -4104 -4199 -4324 -4182 -3974 -3957 -3904 -3718 -3653 -3690 -3565 -3497
-9999 -4078 -4067 -4041 -4001 -4087 -4014 -3908 -3972 -3924 -3738 -3651 -3603 -3589 -3775 -3633 -3600 -3468 -3586 -3590 -3527 -3541 -3655 -3769 -3756 -3665 -3648 -3652 -3622 -3578 -3747 -3915 -3826 -3511 -3370 -3625 -3625 -3755 -3888 -4072 -3983 -3924 -3926 -3824 -3734 -3696 -3679 -3679 -3712 -3810 -3824 -3675 -3638 -3593 -3638 -3709 -3856 -3975 -4150 -4232 -4289 -4441 -4430 -4227 -4023 -4122 -4285 -4133 -3935 -3949 -3895 -3875 -3935 -3892 -3855 -3721 -3563
-9999 -4087 -3985 -3879 -4007 -4142 -4070 -3966 -3950 -3906 -3815 -3762 -3687 -3599 -3746 -3682 -3506 -3540 -3659 -3676 -3566 -3542 -3547 -3678 -3661 -3619 -3656 -3573 -3495 -3587 -3865 -4067 -3917 -3573 -3494 -3661 -3693 -3751 -3946 -4108 -3917 -3705 -3745 -3779 -3763 -3765 -3741 -3695 -3680 -3699 -3694 -3619 -3678 -3648 -3598 -3796 -4048 -3987 -3936 -4035 -4266 -4476 -4327 -4221 -4023 -3959 -4224 -4125 -3820 -3842 -3880 -3856 -3974 -4059 -4054 -3892 -3699
-9999 -4197 -4111 -4002 -4039 -4016 -3979 -3985 -3953 -3946 -3858 -3806 -3702 -3643 -3733 -3657 -3547 -3597 -3619 -3657 -3600 -3633 -3567 -3605 -3660 -3655 -3639 -3550 -3522 -3639 -3844 -3938 -3783 -3628 -3559 -3599 -3783 -3829 -3868 -3979 -3913 -3868 -3890 -3798 -3709 -3697 -3689 -3579 -3565 -3676 -3693 -3576 -3622 -3744 -3692 -3879 -4214 -4159 -4025 -4175 -4371 -4516 -4448 -4407 -4230 -4102 -4281 -4257 -4097 -4064 -4153 -4186 -4140 -4156 -4124 -3990 -3886
-9999 -4168 -4156 -4077 -4055 -4048 -4006 -3979 -3981 -3961 -3904 -3881 -3828 -3773 -3714 -3753 -3701 -3646 -3583 -3520 -3540 -3592 -3558 -3581 -3678 -3692 -3677 -3667 -3647 -3700 -3859 -3851 -3634 -3506 -3470 -3606 -3846 -3831 -3724 -3823 -3928 -3861 -3747 -3646 -3591 -3593 -3625 -3506 -3461 -3534 -3667 -3737 -3685 -3718 -3824 -3969 -4265 -4362 -4444 -4618 -4608 -4582 -4585 -4546 -4499 -4493 -4441 -4224 -4210 -4284 -4199 -4028 -3828 -3814 -3805 -3679 -3653
-9999 -4179 -4137 -4160 -4175 -4128 -4048 -4010 -4023 -4035 -4014 -3905 -3720 -3715 -3843 -3938 -3833 -3676 -3631 -3622 -3578 -3568 -3633 -3666 -3733 -3752 -3687 -3728 -3730 -3794 -4053 -4048 -3685 -3374 -3324 -3533 -3749 -3620 -3500 -3862 -3951 -3601 -3267 -3326 -3305 -3228 -3303 -3199 -3178 -3300 -3446 -3710 -3767 -3848 -3987 -4195 -4388 -4449 -4552 -4752 -4707 -4610 -4633 -4482 -4167 -4024 -4061 -3778 -3644 -3862 -3867 -3613 -3363 -3475 -3712 -3741 -3735
-9999 -4162 -4123 -4147 -4064 -3900 -3881 -3937 -3930 -4012 -4030 -3869 -3828 -3970 -4039 -4041 -3847 -3702 -3558 -3458 -3480 -3545 -3604 -3585 -3571 -3587 -3504 -3567 -3744 -3833 -3975 -4042 -3792 -3506 -3487 -3603 -3688 -3640 -3621 -3934 -4049 -3695 -3368 -3380 -3178 -2926 -3091 -3203 -3232 -3430 -3544 -3657 -3952 -4088 -4084 -4211 -4335 -4307 -4224 -4505 -4492 -3853 -3740 -3670 -3460 -3498 -3830 -3898 -3768 -3810 -3865 -3782 -3638 -3600 -3754 -3749 -3715
-9999 -3988 -3959 -4018 -3951 -3857 -3838 -3733 -3554 -3645 -3766 -3455 -3594 -3897 -3872 -3737 -3485 -3602 -3715 -3602 -3485 -3496 -3537 -3554 -3586 -3591 -3458 -3435 -3612 -3603 -3514 -3613 -3693 -3690 -3725 -3821 -3836 -3894 -3864 -3949 -4018 -3793 -3926 -4100 -4140 -4002 -4059 -4213 -4287 -4160 -3979 -3897 -3676 -3353 -3446 -3750 -3961 -4013 -3901 -4032 -3961 -3754 -3594 -3617 -3714 -3761 -3867 -4003 -3953 -3889 -3837 -3703 -3482 -3452 -3671 -3718 -3676
-9999 -4078 -3983 -4087 -4136 -4214 -4225 -3969 -3566 -3244 -3424 -3504 -3680 -3676 -3568 -3507 -3408 -3430 -3597 -3609 -3461 -3458 -3572 -3647 -3629 -3600 -3570 -3578 -3667 -3714 -3738 -3821 -3904 -3860 -3768 -3842 -3887 -3939 -3910 -3697 -3620 -3486 -3693 -4084 -4214 -4070 -3941 -4028 -4173 -4038 -3816 -3696 -3466 -3360 -3445 -3626 -3845 -3972 -4219 -4520 -4276 -4109 -4043 -4069 -3995 -3884 -3855 -3814 -3736 -3706 -3674 -3679 -3694 -3766 -3880 -3874 -3743
-9999 -4149 -4076 -4098 -3937 -3838 -3848 -3880 -3840 -3731 -3810 -3934 -3862 -3703 -3637 -3704 -3701 -3586 -3507 -3484 -3415 -3424 -3520 -3550 -3630 -3634 -3592 -3607 -3723 -3889 -4028 -4084 -4105 -4080 -3968 -3957 -4068 -4087 -4046 -3906 -3800 -3680 -3756 -3904 -3883 -3800 -3681 -3830 -4174 -4286 -4152 -3966 -3772 -3577 -3635 -3656 -3505 -3557 -4018 -4319 -4030 -3836 -3707 -3631 -3509 -3425 -3355 -3232 -3252 -3511 -3687 -3830 -3890 -3892 -3868 -3807 -3734
-9999 -4018 -3972 -4004 -3891 -3740 -3792 -3965 -3941 -3937 -4060 -4084 -3953 -3963 -3887 -3881 -3919 -3941 -3792 -3615 -3572 -3586 -3550 -3565 -3624 -3657 -3678 -3661 -3696 -3873 -4020 -3893 -3801 -3952 -4070 -4134 -4151 -4017 -4007 -3978 -3855 -3906 -4095 -4030 -3727 -3623 -3543 -3509 -3785 -4170 -4244 -4296 -4205 -3971 -3906 -3806 -3577 -3497 -3529 -3469 -3383 -3375 -3344 -3174 -3051 -3098 -3130 -3131 -3319 -3637 -3711 -3699 -3722 -3685 -3586 -3575 -3664
-9999 -4328 -4106 -4108 -4140 -4070 -4125 -4152 -4139 -4214 -4201 -3986 -3954 -4006 -4072 -4028 -3932 -3936 -3870 -3804 -3858 -3854 -3805 -3856 -3891 -3879 -3943 -3899 -3875 -4064 -4190 -3983 -3802 -3980 -4309 -4378 -4058 -3785 -3937 -3963 -3760 -3804 -4052 -4083 -3922 -3930 -3922 -3892 -3892 -3965 -4042 -4192 -4287 -4208 -4144 -4019 -3833 -3701 -3670 -3616 -3639 -3867 -3932 -3711 -3573 -3711 -3780 -3660 -3685 -3791 -3738 -3674 -3712 -3708 -3660 -3667 -3707
-9999 -4442 -4114 -4151 -4168 -3980 -3884 -3854 -3985 -4056 -3999 -3899 -3879 -3874 -3958 -4046 -4004 -3916 -3908 -3959 -4019 -4062 -4096 -4106 -4075 -4065 -4055 -3995 -4040 -4139 -4163 -4069 -3891 -3853 -4139 -4313 -4046 -3786 -3930 -4083 -3910 -3749 -3965 -4088 -3876 -3799 -3845 -4041 -4044 -3813 -3693 -3794 -3825 -3710 -3659 -3743 -3789 -3696 -3757 -3917 -3959 -4016 -4096 -4046 -4011 -4138 -4158 -3950 -3816 -3901 -3968 -3902 -3794 -3806 -3826 -3811 -3742
-9999 -4259 -4189 -4115 -3997 -4006 -3912 -3899 -3946 -3916 -3850 -3956 -3948 -3831 -3840 -3931 -3928 -3909 -4012 -4056 -4023 -4059 -4093 -4081 -4030 -4008 -3941 -3915 -4011 -4014 -3950 -3942 -3934 -3845 -3844 -3976 -4046 -3945 -3847 -4126 -4261 -4054 -3978 -3946 -3789 -3705 -3851 -4000 -3948 -3845 -3879 -3908 -3896 -3921 -3972 -3990 -3944 -3951 -4001 -4103 -4027 -4016 -4175 -4181 -4065 -4095 -4136 -4033 -3950 -3922 -3947 -3979 -3875 -3771 -3808 -3861 -3792
-9999 -4146 -4351 -4264 -4180 -4145 -4058 -4042 -4049 -3932 -3929 -4010 -4002 -3948 -3944 -4005 -3994 -3976 -4055 -3993 -3761 -3831 -4044 -4093 -4051 -4037 -4051 -4065 -4057 -3983 -3962 -3863 -3764 -3882 -3830 -3747 -3868 -3950 -3661 -3932 -4150 -3961 -3864 -3883 -4023 -4005 -4050 -4201 -4170 -4169 -4139 -4136 -4133 -4100 -4138 -4163 -4161 -4142 -4094 -4044 -3955 -3992 -4067 -4104 -4126 -4082 -4000 -3959 -4015 -3990 -3947 -3987 -3948 -3878 -3850 -3862 -3813
-9999 -4122 -4275 -4336 -4232 -4124 -4189 -4254 -4224 -4082 -3976 -3983 -4056 -4012 -3959 -4039 -4080 -3989 -4136 -4161 -3651 -3644 -3937 -4003 -4088 -4104 -4041 -4063 -4056 -4022 -3960 -3811 -3848 -3992 -4042 -4072 -4109 -3911 -3828 -4186 -4212 -3722 -3540 -3736 -3883 -3927 -4030 -4199 -4182 -4036 -4075 -4291 -4273 -4037 -3889 -3950 -4036 -4087 -4078 -3927 -3918 -3989 -4008 -4061 -4106 -4013 -3927 -3956 -4023 -4081 -4061 -4013 -3985 -3972 -3909 -3889 -3890
-9999 -3931 -4153 -4253 -4155 -4129 -4020 -4094 -4247 -4213 -4158 -4172 -4207 -4150 -4043 -3991 -3993 -4035 -4250 -4362 -4070 -3901 -3972 -4073 -4235 -4123 -3955 -4065 -4169 -4159 -4087 -3893 -3861 -4015 -4124 -4118 -4045 -3786 -3705 -4206 -4524 -4107 -3625 -3773 -4046 -4162 -4256 -4375 -4114 -3641 -3733 -4097 -4156 -4038 -3950 -3975 -4061 -4099 -3997 -3899 -4020 -4076 -4044 -4020 -4001 -4052 -4130 -4101 -4047 -4082 -4068 -4014 -4015 -4008 -3940 -3908 -3898
