brt_modelling/variables/recorte_present_surface_par_mean_bov2_2_tif_tif.asc
ncols         422
nrows         720
xllcorner     -85.083333333333
yllcorner     -60
cellsize      0.083333333333333
NODATA_value  -9999
[rows 264 to 296 of 720, columns 75 to 149 of 422]
38.157 38.103 38.1 37.845 37.979 37.897 37.716 37.878 37.733 37.733 37.841 37.723 37.768 37.635 37.352 37.329 37.418 37.395 37.401 37.391 37.356 37.413 37.413 37.4 37.373 37.304 37.205 37.194 37.135 37.407 37.225 37.25 37.089 37.034 36.937 36.93 36.93 36.806 36.839 36.977 36.903 36.648 36.667 36.704 36.844 36.663 36.693 36.835 36.989 36.997 36.997 36.953 36.849 36.692 36.633 36.644 36.623 36.69 36.712 37.102 37.026 36.526 36.84 36.79 36.79 36.815 36.904 36.936 36.901 36.994 36.951 36.893 37.083 37.121 37.079
38.164 38.104 38.104 37.981 37.929 37.826 37.818 37.861 37.874 37.76 37.775 37.639 37.705 37.623 37.284 37.37 37.37 37.461 37.451 37.474 37.429 37.249 37.364 37.311 37.452 37.223 37.347 37.113 37.254 37.254 37.187 37.142 37.147 37.134 37.108 37.038 36.953 36.888 36.887 36.99 36.916 36.866 36.73 36.73 36.691 36.686 36.835 36.923 37.07 37.136 36.968 37.016 36.722 36.772 36.671 36.724 36.724 36.79 36.857 36.938 36.861 36.799 36.731 36.898 36.785 36.788 36.731 36.82 36.822 36.944 36.944 36.72 36.733 36.822 37.038
38.039 37.963 37.883 37.882 37.894 38.02 37.982 37.912 37.888 37.888 37.776 37.729 37.537 37.721 37.61 37.519 37.477 37.333 37.434 37.445 37.279 37.121 37.357 37.357 37.45 37.238 37.405 37.326 37.283 37.129 37.125 37.158 37.185 37.246 37.083 37.035 37.035 36.894 37.028 36.88 37.128 37.035 36.957 36.814 36.925 36.941 36.852 36.875 36.883 37.005 37.005 36.973 36.989 36.828 36.757 36.676 36.844 36.739 36.667 36.9 36.934 36.875 36.938 36.938 36.94 36.809 36.827 36.694 36.777 36.716 36.846 36.837 37.062 36.944 36.896
37.874 37.863 38.007 38.007 37.999 38.217 38.133 38.046 37.782 37.758 37.754 37.686 37.682 37.621 37.559 37.523 37.523 37.487 37.361 37.476 37.485 37.145 37.18 37.345 37.403 37.542 37.511 37.424 37.44 37.44 37.291 37.193 37.27 37.334 37.111 37.031 37.08 36.893 36.909 36.939 36.93 36.804 36.758 36.758 36.947 36.899 36.917 36.927 36.816 37.065 36.932 36.867 36.809 36.703 36.552 36.697 36.697 36.749 36.874 36.891 36.989 37.011 37.044 36.696 36.853 36.702 36.766 36.659 36.625 36.645 36.645 36.803 37.031 36.994 36.973
38.181 38.076 38.065 38.28 38.295 38.102 38.156 38.075 37.846 37.718 37.718 37.653 37.589 37.735 37.856 37.645 37.541 37.476 37.5 37.413 37.36 37.298 37.369 37.369 37.418 37.561 37.567 37.571 37.417 37.24 37.201 37.281 37.228 37.238 37.119 37.102 37.102 36.887 37.036 37.17 36.994 36.998 36.888 36.783 36.999 36.95 36.898 36.938 36.865 36.865 36.86 36.93 36.713 36.654 36.759 36.888 36.65 36.766 36.67 36.904 36.822 36.872 36.96 36.96 36.766 36.813 36.783 36.634 36.622 36.684 36.732 36.802 36.967 37.013 36.942
38.19 37.998 38.112 38.112 38.193 38.453 38.128 38.113 38.132 37.918 37.808 37.906 37.656 37.667 37.64 37.615 37.615 37.58 37.466 37.637 37.72 37.628 37.613 37.399 37.467 37.654 37.554 37.479 37.383 37.4 37.4 37.319 37.371 37.355 37.32 37.284 37.273 37.021 37.019 37.033 37.031 37.109 37.006 37.006 36.91 37.093 37.131 37.006 36.977 36.934 36.756 36.845 36.571 36.6 36.655 36.898 36.898 36.776 36.692 36.769 36.802 36.772 36.711 36.946 36.851 36.705 36.605 36.622 36.634 36.634 36.625 36.578 36.7 37.009 37.054
38.117 38.171 38.087 38.205 38.262 38.24 38.302 38.063 38.082 38.086 38.086 37.891 37.869 37.925 37.613 37.858 37.823 37.8 37.672 37.624 37.833 37.681 37.602 37.602 37.572 37.524 37.448 37.403 37.473 37.519 37.533 37.41 37.508 37.281 37.286 37.207 37.207 37.134 37.131 36.932 36.957 36.928 37.11 36.973 37.056 37.196 37.031 36.996 36.8 36.8 36.949 36.886 36.786 36.649 36.65 36.716 36.83 36.619 36.582 36.593 36.593 36.714 36.714 36.873 36.725 36.647 36.492 36.701 36.572 36.708 36.656 36.882 36.936 36.971 37.073
38.272 38.106 38.142 38.096 38.096 38.059 38.006 38.206 37.928 37.952 37.984 37.821 37.784 37.69 37.766 37.782 37.571 37.571 37.824 37.776 37.706 37.747 37.651 37.565 37.433 37.42 37.349 37.371 37.557 37.404 37.404 37.501 37.57 37.568 37.29 37.105 37.145 37.015 36.905 36.896 37.019 37.061 36.956 36.956 36.951 37.108 36.915 36.931 36.974 36.772 36.935 37.041 36.95 36.784 36.727 36.755 36.755 36.711 36.558 36.539 36.473 36.58 36.61 36.811 36.797 36.657 36.508 36.516 36.676 36.676 36.808 36.722 36.89 36.835 36.972
38.25 38.229 38.32 38.162 38.055 38.208 38.268 38.127 38.199 38.041 37.864 37.864 37.839 37.726 37.667 37.755 37.825 37.768 37.846 37.57 37.655 37.513 37.646 37.608 37.608 37.484 37.474 37.512 37.567 37.481 37.539 37.386 37.5 37.268 37.259 37.222 37.014 37.014 36.889 36.838 37.028 37.074 36.93 36.929 36.987 36.891 36.745 36.9 36.993 36.993 36.843 36.991 37.017 36.848 36.884 36.976 36.64 36.393 36.57 36.63 36.78 36.897 36.897 36.669 36.737 36.604 36.644 36.373 36.431 36.741 36.882 36.799 36.86 36.962 36.889
38.272 38.322 38.22 38.202 38.281 38.281 38.172 38.294 38.071 38.105 38.039 37.814 37.908 37.756 37.689 37.687 37.831 37.831 37.611 37.646 37.464 37.64 37.57 37.596 37.571 37.559 37.389 37.357 37.571 37.485 37.485 37.478 37.559 37.533 37.523 37.372 37.236 37.15 36.924 37.016 37.068 36.909 36.969 36.969 37.044 36.922 37.003 36.906 37.064 36.842 36.85 36.833 36.987 36.853 36.775 36.943 36.943 36.686 36.524 36.719 36.747 36.579 36.629 36.8 36.912 36.809 36.751 36.535 36.632 36.632 36.918 37.014 37.155 36.803 36.948
38.485 38.343 38.151 38.374 38.495 38.352 38.152 38.281 38.105 38.105 38.059 38.059 37.902 37.938 37.706 37.732 37.646 37.743 37.567 37.616 37.476 37.632 37.419 37.573 37.573 37.563 37.484 37.424 37.641 37.44 37.484 37.385 37.522 37.556 37.438 37.369 37.321 37.321 37.371 37.208 37.146 37.058 37.13 36.948 36.864 36.815 36.949 36.982 37.006 36.999 36.999 36.732 36.795 36.95 36.918 36.858 36.797 36.821 36.701 36.441 36.738 36.622 36.622 36.589 36.761 36.89 36.861 36.795 36.675 36.605 36.903 37.057 36.953 36.824 36.981
38.157 38.446 38.442 38.486 38.445 38.445 38.299 38.247 38.25 38.109 38.141 38.065 38.047 38.027 37.796 37.688 37.683 37.642 37.642 37.526 37.456 37.578 37.537 37.584 37.597 37.694 37.568 37.605 37.632 37.6 37.487 37.487 37.301 37.314 37.36 37.319 37.288 37.287 37.171 37.095 37.004 37.247 37.008 37.008 36.87 36.803 36.979 36.959 37.051 36.892 36.862 36.896 36.707 36.905 37.024 36.87 36.87 36.791 36.702 36.555 36.641 36.671 36.542 36.61 36.724 36.778 36.867 36.723 36.654 36.654 36.684 36.889 36.934 36.838 36.856
38.394 38.545 38.43 38.497 38.376 38.486 38.498 38.193 38.083 38.03 38.093 38.105 38.105 38.182 37.887 37.942 37.686 37.65 37.736 37.643 37.721 37.695 37.69 37.772 37.748 37.748 37.602 37.678 37.728 37.666 37.567 37.422 37.358 37.455 37.298 37.37 37.17 37.17 37.13 36.963 37.015 37.08 36.906 36.927 36.958 36.988 36.943 36.915 36.889 36.916 36.916 36.714 36.766 36.851 37.086 36.997 36.82 36.77 36.72 36.684 36.645 36.438 36.438 36.638 36.528 36.701 36.752 36.727 36.698 36.903 36.839 36.913 37.014 36.883 36.876
38.471 38.547 38.592 38.446 38.458 38.306 38.306 38.307 38.064 38.216 38.288 38.217 38.158 38.04 38.008 37.951 37.8 37.823 37.881 37.881 37.973 37.803 37.926 37.633 37.502 37.439 37.609 37.739 37.763 37.648 37.692 37.692 37.429 37.397 37.391 37.203 37.072 37.165 37.263 37.067 37.112 37.282 37.126 37.024 37.024 37.037 37.073 36.92 36.703 36.741 36.686 36.807 36.798 36.999 36.957 36.785 36.785 36.86 36.917 36.445 36.691 36.55 36.533 36.464 36.505 36.791 36.69 36.754 36.841 36.841 36.979 36.955 36.927 36.952 36.899
38.54 38.54 38.514 38.48 38.396 38.506 38.288 38.141 38.2 38.299 38.291 37.994 38.049 38.049 37.914 37.944 37.962 37.964 37.88 37.86 37.979 37.851 37.87 37.673 37.628 37.628 37.371 37.735 37.547 37.771 37.679 37.733 37.533 37.387 37.256 37.135 37.234 37.247 37.247 37.046 37.143 37.223 37.208 37.181 37.099 37.111 37.054 36.989 36.802 36.725 36.725 36.768 36.825 36.934 36.96 37.047 36.899 36.996 37.114 36.679 36.82 36.614 36.614 36.477 36.621 36.669 36.83 36.813 36.776 36.783 36.922 37.005 36.939 36.973 36.969
38.591 38.547 38.368 38.258 38.298 38.374 38.246 38.246 38.112 38.292 38.291 38.234 37.986 38.087 37.96 38.05 38.01 37.822 38.009 37.901 37.901 37.738 37.826 37.645 37.467 37.565 37.426 37.605 37.662 37.725 37.627 37.677 37.677 37.49 37.405 37.273 37.296 37.078 37.097 37.192 37.264 37.347 37.2 37.103 37.103 37.071 37.125 37.187 36.983 36.946 36.747 36.67 36.897 36.842 36.942 36.924 36.924 37.051 37.081 36.787 36.814 36.798 36.627 36.673 36.675 36.671 36.622 36.721 36.65 36.65 36.985 36.993 36.859 36.889 36.959
38.451 38.425 38.425 38.535 38.426 38.378 38.336 38.408 38.278 38.317 38.458 38.247 38.246 37.985 37.985 38.042 37.788 37.917 38.132 37.912 37.844 37.822 37.624 37.647 37.506 37.429 37.429 37.495 37.585 37.584 37.562 37.524 37.554 37.45 37.316 37.189 37.217 37.121 37.121 37.245 37.155 37.192 37.203 36.955 37.119 36.979 36.996 36.989 36.846 36.74 36.74 36.794 37.016 36.869 36.917 36.965 37.107 37.022 36.669 36.918 36.87 36.68 36.783 36.783 36.733 36.736 36.791 36.666 36.63 36.794 36.844 36.726 36.9 36.797 36.927
38.477 38.484 38.472 38.617 38.398 38.406 38.338 38.341 38.341 38.239 38.237 38.398 38.389 38.194 37.854 37.934 37.8 38.076 37.913 37.932 37.932 37.811 37.804 37.735 37.609 37.516 37.513 37.684 37.445 37.567 37.414 37.336 37.547 37.547 37.215 37.221 37.133 37.139 37.201 37.321 37.163 37.041 37.022 36.976 37.05 37.05 36.986 36.961 36.933 36.952 36.992 36.821 36.856 36.806 36.732 36.855 36.879 36.879 36.808 36.869 36.921 36.882 36.652 36.693 36.733 36.763 36.756 36.708 36.774 36.774 36.759 36.852 36.852 36.854 37.068
38.542 38.452 38.489 38.489 38.514 38.22 38.376 38.177 38.364 38.226 38.183 38.298 38.227 38.148 37.841 37.841 38.029 38.015 38.197 37.914 37.895 37.789 37.819 37.705 37.772 37.683 37.542 37.542 37.61 37.557 37.501 37.584 37.334 37.485 37.414 37.335 37.265 37.319 37.209 37.209 37.171 37.046 36.962 36.942 36.918 36.844 36.91 36.816 36.993 36.838 37.143 37.143 37.025 36.803 36.75 36.684 36.597 36.759 36.784 36.942 36.729 36.764 36.712 36.712 36.76 36.759 36.801 36.9 36.87 36.891 36.666 36.883 36.714 36.674 36.863
38.689 38.426 38.498 38.338 38.376 38.37 38.237 38.468 38.449 38.449 38.287 38.295 38.218 38.188 38.151 38.138 37.962 37.971 38.018 37.955 37.782 37.782 37.868 37.803 37.7 37.835 37.651 37.603 37.57 37.711 37.493 37.474 37.528 37.528 37.423 37.226 37.194 37.385 37.323 37.169 37.1 37.202 37.21 36.946 36.765 36.765 36.776 36.825 36.886 36.985 36.861 36.688 36.822 36.61 36.735 36.639 36.736 36.736 36.823 36.855 36.774 36.7 36.738 36.782 36.642 36.477 36.647 37.06 37.029 37.029 36.774 36.698 36.633 36.74 36.724
38.574 38.568 38.438 38.544 38.544 38.357 38.197 38.433 38.592 38.325 38.174 38.172 38.028 38.114 38.047 37.965 37.965 38.005 38.155 38.162 37.805 37.714 37.759 37.614 37.746 37.574 37.619 37.597 37.597 37.87 37.656 37.536 37.545 37.43 37.331 37.225 37.191 37.144 37.118 37.022 37.022 37.172 37.401 37.174 36.873 36.864 36.838 36.838 36.77 36.79 36.667 36.667 36.73 36.666 36.68 36.564 36.716 36.728 36.673 36.7 36.701 36.743 36.878 36.878 36.748 36.563 36.429 36.851 36.913 36.813 36.825 36.891 36.981 36.831 36.843
38.818 38.531 38.564 38.543 38.467 38.388 38.472 38.561 38.706 38.539 38.361 38.361 38.371 38.002 38.143 37.948 37.867 37.962 37.818 37.821 37.776 37.667 37.667 37.66 37.716 37.833 37.729 37.714 37.696 37.531 37.707 37.626 37.569 37.378 37.378 37.402 37.271 37.277 37.284 37.389 37.132 37.102 37.162 37.005 36.925 36.805 36.805 36.704 36.665 36.62 36.771 36.737 36.848 36.702 36.763 36.951 37.069 36.927 36.927 36.797 36.709 36.769 36.833 36.895 36.613 36.73 36.692 36.96 36.764 36.764 36.769 36.795 36.878 36.626 36.775
38.724 38.519 38.584 38.692 38.665 38.665 38.458 38.419 38.422 38.644 38.53 38.409 38.405 38.233 38.26 38.23 37.946 37.946 37.868 37.92 37.87 37.89 37.972 37.785 37.723 37.768 37.782 37.672 37.698 37.698 37.582 37.767 37.713 37.457 37.554 37.516 37.381 37.12 37.28 37.32 37.32 37.295 37.297 37.4 37.143 37.116 36.987 36.901 36.832 36.652 36.694 36.876 36.876 36.831 36.799 36.786 37.005 36.937 36.98 36.788 36.817 36.746 36.787 36.945 36.945 36.751 36.857 36.701 36.782 36.575 36.615 36.802 36.934 36.958 36.754
38.645 38.597 38.664 38.658 38.684 38.538 38.331 38.443 38.436 38.378 38.515 38.36 38.36 38.377 38.364 38.185 38.213 38.135 38.241 38.092 38.086 37.877 37.93 37.93 37.895 37.756 37.628 37.651 37.66 37.61 37.673 37.737 37.795 37.67 37.736 37.736 37.532 37.071 37.161 37.262 37.432 37.321 37.25 37.284 37.11 37.158 37.035 37.035 37.03 36.852 36.884 36.814 37 36.804 36.721 36.771 36.925 36.922 36.922 36.89 36.926 36.617 36.705 36.975 36.883 36.889 36.774 36.762 36.553 36.744 36.744 36.846 36.854 36.73 36.722
38.734 38.698 38.883 38.737 38.609 38.254 38.367 38.367 38.431 38.349 38.261 38.437 38.348 38.293 38.083 38.175 37.996 37.92 37.92 38.112 38.01 38.07 37.909 37.984 37.996 37.864 37.829 37.861 37.747 37.79 37.79 37.788 37.706 37.667 37.677 37.514 37.501 37.39 37.474 37.419 37.397 37.397 37.345 37.351 37.269 37.142 37.039 36.986 37.044 36.838 36.784 37.088 36.853 36.853 36.676 36.906 36.95 36.917 36.804 36.879 36.764 36.734 36.868 36.691 36.691 36.828 36.799 36.812 36.673 36.791 36.896 36.78 36.805 36.639 36.789
38.725 38.725 38.828 38.842 38.808 38.546 38.601 38.579 38.405 38.407 38.232 38.275 38.088 38.088 38.041 38.153 38.304 38.018 37.96 38.067 38.028 37.942 37.997 37.866 37.866 37.875 37.679 38.003 37.928 37.716 37.805 37.747 37.69 37.522 37.545 37.394 37.394 37.629 37.342 37.403 37.351 37.258 37.376 37.282 37.219 37.049 37.059 37.059 36.924 37.099 37.109 36.925 36.87 36.939 36.819 36.872 36.727 36.863 36.872 36.872 36.967 36.838 36.8 36.759 36.805 36.683 36.831 36.735 36.936 36.795 36.795 36.707 36.695 36.57 36.71
38.776 38.783 38.863 38.821 38.948 38.649 38.569 38.697 38.697 38.635 38.542 38.388 38.404 38.234 38.041 38.047 38.132 38.03 37.994 37.994 37.705 37.87 37.912 37.933 37.978 37.981 38.051 37.963 37.759 37.874 37.852 37.852 37.783 37.569 37.486 37.552 37.432 37.436 37.383 37.35 37.436 37.428 37.428 37.364 37.369 37.143 37.056 36.903 36.781 36.858 37.062 36.956 37.033 37.033 36.947 36.941 36.797 36.947 36.94 36.966 36.985 36.786 36.699 36.662 36.844 36.844 36.948 36.878 36.75 36.74 36.616 36.659 36.64 36.611 36.733
38.645 38.721 38.81 38.81 38.721 38.729 38.641 38.667 38.634 38.668 38.378 38.522 38.396 38.212 38.212 38.001 38.217 38.249 38.178 38.173 37.989 38.291 38.033 38.182 38.136 38.136 37.963 37.798 37.866 37.967 37.776 37.852 37.68 37.518 37.337 37.547 37.514 37.514 37.512 37.434 37.469 37.216 37.376 37.392 37.266 37.015 36.951 36.923 36.923 36.929 36.762 36.923 36.894 36.92 37.046 37.088 37.026 37.062 36.999 36.999 36.877 36.702 36.817 36.828 36.944 36.847 36.844 36.787 36.858 36.553 36.638 36.638 36.676 36.702 36.618
38.693 38.777 38.915 38.776 38.754 38.662 38.714 38.673 38.548 38.548 38.445 38.331 38.355 38.34 38.149 38.149 38.252 38.207 38.078 37.946 37.946 38.111 38.05 38.128 38.187 38.106 37.984 37.936 37.967 37.927 37.718 37.555 37.555 37.71 37.627 37.581 37.451 37.665 37.512 37.637 37.364 37.293 37.086 37.086 37.355 37.085 37.067 37.097 36.973 36.99 36.957 37.012 36.955 36.927 36.927 36.921 37.064 37.015 36.933 36.757 36.801 36.908 37.066 36.983 36.962 36.962 37.058 36.836 36.784 36.592 36.533 36.762 36.676 36.617 36.693
38.833 38.904 38.921 38.854 38.854 38.743 38.806 38.79 38.717 38.447 38.539 38.422 38.233 38.255 38.316 38.265 38.265 38.331 38.086 38.062 37.907 38.131 38.045 38.033 38.177 37.963 37.942 37.942 37.967 38.107 38.141 37.926 37.708 37.714 37.618 37.445 37.509 37.517 37.517 37.431 37.638 37.509 37.454 37.22 37.315 37.114 37.116 37.042 37.057 37.057 37.004 36.956 37.026 37.051 37.04 36.839 36.955 37.068 36.877 36.789 36.789 36.871 36.768 36.793 37.07 37.061 36.958 36.823 36.773 36.664 36.606 36.606 36.6 36.732 36.663
38.698 38.867 38.828 38.975 38.842 38.86 38.74 38.712 38.791 38.628 38.453 38.453 38.482 38.329 38.213 38.239 38.276 38.199 38.12 38.069 38.125 38.23 38.23 38.108 38.065 38.007 37.914 38.041 37.972 37.959 38.018 37.899 37.643 37.643 37.571 37.618 37.467 37.53 37.587 37.713 37.606 37.402 37.276 37.383 37.383 37.288 37.148 37.092 37.005 37.057 36.923 36.801 37.062 37.033 37.032 37.032 37.064 37.046 36.894 36.929 36.817 36.848 36.934 37.042 37.098 37.138 37.138 36.861 36.936 36.751 36.761 36.735 36.559 36.546 36.587
38.672 38.799 38.787 38.668 38.774 38.746 38.746 38.733 38.764 38.656 38.488 38.55 38.38 38.278 38.301 38.264 38.105 38.105 38.112 38.197 38.273 38.296 38.181 38.072 38.168 38.019 37.974 37.98 37.98 38.038 38.035 37.824 37.806 37.709 37.682 37.632 37.562 37.72 37.845 37.845 37.595 37.668 37.49 37.548 37.507 37.093 37.115 37.248 37.01 36.886 36.886 36.776 36.976 37.048 37.145 36.912 37.158 37.139 37.11 36.974 36.922 36.922 36.882 37.058 36.995 36.938 36.71 36.738 36.693 36.757 36.573 36.674 36.674 36.569 36.604
38.648 38.648 38.797 38.721 38.575 38.779 38.79 38.781 38.577 38.527 38.552 38.657 38.657 38.443 38.411 38.235 38.448 38.275 38.164 38.397 38.382 38.228 38.115 38.115 38.037 38.054 38.064 37.974 37.844 38.169 38.095 37.802 37.856 37.839 37.839 37.619 37.627 37.533 37.563 37.55 37.449 37.658 37.723 37.467 37.496 37.496 37.267 37.201 37.374 36.929 36.933 36.949 37.019 37.083 37.128 36.965 36.965 37.105 37.198 37.091 36.898 36.84 37.036 37.165 37.038 36.842 36.907 36.907 36.681 36.565 36.736 36.621 36.666 36.685 36.705
