brt_modelling/variables/recorte_bo_sstmean_lonlat_tif_tif.asc
ncols         422
nrows         720
xllcorner     -85.083333333333
yllcorner     -60
cellsize      0.083333333333333
NODATA_value  -9999
[rows 495 to 527 of 720, columns 225 to 299 of 422]
-9999 -9999 -9999 -9999 -9999 -9999 -9999 -9999 -9999 -9999 -9999 -9999 -9999 -9999 14.875 14.954 14.958 15.012 15.12 15.167 15.224 15.237 15.282 15.29 15.319 15.322 15.307 15.275 15.166 15.045 14.791 14.735 14.714 14.709 14.766 14.809 14.891 14.922 14.96 14.964 14.983 14.995 15.037 15.036 15.051 15.013 14.968 14.945 14.892 14.851 14.775 14.73 14.7 14.665 14.575 14.526 14.494 14.479 14.498 14.495 14.497 14.498 14.498 14.477 14.428 14.421 14.374 14.332 14.237 14.201 14.091 14.035 13.901 13.822 13.68
-9999 -9999 -9999 -9999 -9999 -9999 -9999 -9999 -9999 -9999 -9999 -9999 -9999 -9999 -9999 14.886 14.884 15.004 15.078 15.138 15.166 15.218 15.227 15.267 15.266 15.291 15.281 15.221 15.155 14.857 14.725 14.631 14.652 14.713 14.753 14.811 14.831 14.896 14.928 14.95 14.958 14.977 14.984 14.985 14.984 14.951 14.934 14.887 14.849 14.772 14.716 14.655 14.639 14.582 14.526 14.451 14.424 14.429 14.427 14.444 14.451 14.465 14.456 14.394 14.378 14.339 14.288 14.212 14.165 14.076 14.001 13.907 13.837 13.705 13.643
-9999 -9999 -9999 -9999 -9999 -9999 -9999 -9999 -9999 -9999 -9999 -9999 -9999 -9999 -9999 14.715 14.87 14.927 15.032 15.086 15.122 15.144 15.158 15.178 15.197 15.215 15.186 15.132 14.997 14.78 14.637 14.568 14.632 14.707 14.752 14.769 14.781 14.819 14.852 14.892 14.909 14.911 14.912 14.923 14.907 14.918 14.883 14.84 14.776 14.711 14.642 14.596 14.558 14.508 14.441 14.369 14.369 14.386 14.375 14.386 14.392 14.39 14.39 14.36 14.315 14.28 14.222 14.143 14.071 13.99 13.909 13.835 13.748 13.648 13.57
-9999 -9999 -9999 -9999 -9999 -9999 -9999 -9999 -9999 -9999 -9999 -9999 -9999 -9999 -9999 14.61 14.8 14.892 14.973 15.021 15.051 15.077 15.121 15.106 15.104 15.108 15.054 14.936 14.728 14.588 14.526 14.508 14.566 14.625 14.681 14.72 14.741 14.801 14.823 14.842 14.831 14.826 14.82 14.83 14.851 14.856 14.815 14.784 14.716 14.652 14.587 14.527 14.487 14.434 14.394 14.337 14.328 14.338 14.346 14.355 14.331 14.303 14.297 14.272 14.248 14.221 14.173 14.087 13.993 13.912 13.832 13.763 13.682 13.598 13.509
-9999 -9999 -9999 -9999 -9999 -9999 -9999 -9999 -9999 -9999 -9999 -9999 -9999 -9999 -9999 14.082 14.754 14.781 14.894 14.934 14.956 14.994 15.006 14.988 14.992 14.986 14.872 14.636 14.468 14.372 14.38 14.416 14.49 14.586 14.639 14.684 14.703 14.708 14.696 14.712 14.73 14.724 14.73 14.754 14.791 14.788 14.774 14.736 14.668 14.596 14.526 14.456 14.411 14.382 14.342 14.306 14.293 14.301 14.31 14.317 14.274 14.247 14.246 14.224 14.192 14.17 14.125 14.063 13.981 13.898 13.814 13.728 13.645 13.557 13.504
-9999 -9999 -9999 -9999 -9999 -9999 -9999 -9999 -9999 -9999 -9999 -9999 -9999 -9999 -9999 14.48 14.699 14.729 14.796 14.831 14.846 14.83 14.823 14.815 14.837 14.816 14.677 14.449 14.28 14.22 14.239 14.322 14.423 14.535 14.585 14.583 14.577 14.574 14.588 14.608 14.636 14.638 14.635 14.654 14.698 14.714 14.711 14.686 14.603 14.53 14.47 14.411 14.352 14.319 14.297 14.282 14.26 14.264 14.249 14.269 14.245 14.228 14.196 14.19 14.144 14.118 14.079 14.05 13.964 13.895 13.781 13.724 13.581 13.529 13.433
-9999 -9999 -9999 -9999 -9999 -9999 -9999 -9999 -9999 -9999 -9999 -9999 -9999 -9999 -9999 14.383 14.68 14.703 14.732 14.712 14.677 14.622 14.577 14.551 14.606 14.628 14.51 14.323 14.141 14.044 14.073 14.195 14.313 14.401 14.448 14.407 14.37 14.357 14.407 14.457 14.501 14.515 14.514 14.562 14.595 14.612 14.616 14.596 14.513 14.42 14.386 14.311 14.28 14.243 14.242 14.221 14.218 14.214 14.217 14.21 14.18 14.141 14.14 14.12 14.094 14.021 14.003 13.938 13.893 13.776 13.703 13.609 13.528 13.443 13.352
-9999 -9999 -9999 -9999 -9999 -9999 -9999 -9999 -9999 -9999 -9999 -9999 -9999 -9999 -9999 14.618 14.651 14.685 14.663 14.562 14.521 14.475 14.428 14.422 14.427 14.429 14.326 14.141 13.961 13.871 13.87 13.984 14.143 14.206 14.214 14.144 14.102 14.134 14.185 14.268 14.337 14.372 14.397 14.463 14.516 14.527 14.486 14.467 14.385 14.334 14.26 14.22 14.184 14.166 14.157 14.146 14.163 14.167 14.164 14.15 14.1 14.079 14.046 14.034 13.98 13.942 13.888 13.852 13.765 13.668 13.579 13.499 13.413 13.323 13.222
-9999 -9999 -9999 -9999 -9999 -9999 -9999 -9999 -9999 -9999 -9999 -9999 -9999 -9999 14.427 14.614 14.666 14.682 14.596 14.529 14.449 14.426 14.386 14.359 14.323 14.26 14.143 13.928 13.695 13.557 13.512 13.585 13.673 13.754 13.829 13.837 13.807 13.836 13.913 14.035 14.142 14.242 14.26 14.34 14.372 14.384 14.363 14.293 14.268 14.188 14.161 14.138 14.116 14.104 14.104 14.117 14.101 14.11 14.105 14.072 14.052 14.029 13.993 13.947 13.898 13.842 13.796 13.727 13.631 13.544 13.444 13.361 13.272 13.185 13.092
-9999 -9999 -9999 -9999 -9999 -9999 -9999 -9999 -9999 -9999 -9999 -9999 -9999 -9999 -9999 14.634 14.668 14.681 14.666 14.564 14.495 14.415 14.292 14.263 14.236 14.048 13.866 13.678 13.572 13.508 13.437 13.389 13.363 13.415 13.481 13.515 13.574 13.596 13.644 13.743 13.933 14.027 14.149 14.178 14.206 14.214 14.166 14.134 14.097 14.069 14.04 14.042 14.044 14.048 14.052 14.06 14.059 14.045 14.053 14.029 13.992 13.948 13.908 13.847 13.781 13.714 13.655 13.569 13.483 13.401 13.315 13.252 13.16 13.086 13.022
-9999 -9999 -9999 -9999 -9999 -9999 -9999 -9999 -9999 -9999 -9999 -9999 -9999 -9999 -9999 -9999 14.643 14.681 14.699 14.68 14.56 14.441 14.194 14.159 14.076 13.78 13.638 13.563 13.587 14.085 -9999 13.345 13.317 13.241 13.303 13.372 13.465 13.496 13.513 13.678 13.77 13.951 13.985 14.03 14.041 14.025 14.014 13.953 13.949 13.938 13.938 13.939 13.938 13.968 13.99 14.002 14 13.985 13.964 13.945 13.909 13.846 13.802 13.745 13.668 13.585 13.521 13.416 13.338 13.281 13.174 13.122 13.031 12.969 12.854
-9999 -9999 -9999 -9999 -9999 -9999 -9999 -9999 -9999 -9999 -9999 -9999 -9999 -9999 -9999 -9999 -9999 14.614 14.688 14.444 14.625 14.405 14.018 13.976 13.952 13.734 13.704 -9999 -9999 -9999 -9999 13.311 13.268 13.18 13.216 13.313 13.417 13.507 13.579 13.639 13.764 13.809 13.855 13.856 13.867 13.855 13.833 13.823 13.85 13.857 13.88 13.892 13.918 13.932 13.947 13.952 13.954 13.928 13.905 13.84 13.797 13.738 13.668 13.589 13.539 13.43 13.369 13.27 13.205 13.084 13.043 12.952 12.897 12.784 12.717
-9999 -9999 -9999 -9999 -9999 -9999 -9999 -9999 -9999 -9999 -9999 -9999 -9999 -9999 -9999 -9999 -9999 -9999 -9999 -9999 13.804 13.787 13.683 13.844 14.073 14.239 14.381 -9999 -9999 -9999 -9999 13.344 13.199 13.097 13.148 13.32 13.4 13.53 13.574 13.644 13.652 13.678 13.694 13.701 13.718 13.739 13.742 13.75 13.794 13.833 13.876 13.894 13.891 13.904 13.902 13.908 13.891 13.836 13.788 13.72 13.666 13.615 13.494 13.427 13.314 13.265 13.15 13.109 12.992 12.948 12.84 12.791 12.714 12.627 12.549
-9999 -9999 -9999 -9999 -9999 -9999 -9999 -9999 -9999 -9999 -9999 -9999 -9999 -9999 -9999 -9999 -9999 -9999 -9999 -9999 13.842 13.802 13.749 13.998 14.226 14.315 14.422 14.014 -9999 -9999 -9999 -9999 13.121 13.05 13.015 13.152 13.344 13.382 13.47 13.489 13.513 13.516 13.581 13.594 13.641 13.659 13.686 13.738 13.78 13.824 13.874 13.873 13.87 13.859 13.845 13.819 13.801 13.743 13.694 13.588 13.538 13.442 13.365 13.236 13.197 13.086 13.021 12.942 12.873 12.803 12.716 12.614 12.551 12.476 12.4
-9999 -9999 -9999 -9999 -9999 -9999 -9999 -9999 -9999 -9999 -9999 -9999 -9999 -9999 -9999 -9999 -9999 -9999 -9999 -9999 13.692 14.314 13.804 14.018 -9999 14.18 13.952 -9999 -9999 -9999 -9999 -9999 13.144 13.099 12.982 12.992 13.094 13.228 13.276 13.345 13.352 13.414 13.458 13.527 13.555 13.602 13.636 13.693 13.76 13.807 13.836 13.833 13.842 13.817 13.795 13.76 13.705 13.676 13.585 13.533 13.404 13.359 13.253 13.193 13.077 13.022 12.927 12.831 12.754 12.678 12.621 12.536 12.45 12.379 12.292
-9999 -9999 -9999 -9999 -9999 -9999 -9999 -9999 -9999 -9999 -9999 -9999 -9999 -9999 -9999 -9999 -9999 -9999 14.118 14.215 14.294 14.31 14.289 14.261 13.435 -9999 -9999 -9999 -9999 -9999 -9999 -9999 12.903 13.13 13.016 12.986 13.061 13.13 13.218 13.242 13.331 13.372 13.439 13.482 13.536 13.562 13.622 13.667 13.714 13.77 13.795 13.788 13.77 13.738 13.721 13.672 13.626 13.53 13.485 13.406 13.335 13.203 13.135 13.05 12.956 12.881 12.808 12.726 12.644 12.565 12.479 12.4 12.343 12.293 12.154
-9999 -9999 -9999 -9999 -9999 -9999 -9999 -9999 -9999 -9999 -9999 -9999 -9999 -9999 -9999 -9999 14.234 14.198 14.288 14.32 14.406 14.419 14.38 14.371 14.228 -9999 -9999 -9999 -9999 -9999 -9999 -9999 13.132 13.151 13.07 13.06 13.088 13.192 13.229 13.328 13.394 13.434 13.472 13.513 13.555 13.566 13.606 13.636 13.681 13.72 13.741 13.737 13.705 13.668 13.609 13.575 13.496 13.468 13.348 13.302 13.211 13.122 13.018 12.926 12.858 12.758 12.691 12.609 12.544 12.439 12.374 12.266 12.228 12.131 12.062
-9999 -9999 -9999 -9999 -9999 -9999 -9999 -9999 -9999 -9999 -9999 -9999 -9999 -9999 -9999 14.296 14.327 14.303 14.289 14.353 14.441 14.479 14.458 14.388 14.382 -9999 -9999 -9999 -9999 -9999 -9999 13.062 13.15 13.125 13.103 13.128 13.194 13.24 13.328 13.369 13.468 13.488 13.523 13.534 13.556 13.563 13.586 13.628 13.644 13.662 13.671 13.654 13.626 13.574 13.533 13.445 13.422 13.318 13.254 13.192 13.114 13.014 12.908 12.82 12.742 12.671 12.592 12.507 12.434 12.386 12.26 12.213 12.088 12.038 11.938
-9999 -9999 -9999 -9999 -9999 -9999 -9999 -9999 -9999 -9999 -9999 -9999 -9999 -9999 -9999 14.258 14.276 14.209 14.231 14.19 14.334 14.4 14.371 14.324 14.211 13.86 -9999 -9999 -9999 12.84 13.068 13.25 13.18 13.206 13.198 13.219 13.249 13.308 13.343 13.404 13.44 13.494 13.499 13.527 13.549 13.565 13.58 13.614 13.618 13.621 13.607 13.606 13.542 13.513 13.426 13.381 13.293 13.258 13.215 13.12 13.048 12.964 12.877 12.781 12.702 12.61 12.556 12.441 12.397 12.302 12.246 12.142 12.083 12.005 11.909
-9999 -9999 -9999 -9999 -9999 -9999 -9999 -9999 -9999 -9999 -9999 -9999 -9999 -9999 -9999 -9999 -9999 13.852 14.076 14.032 14.087 14.163 14.138 13.895 13.87 13.787 13.504 13.541 13.539 13.531 13.461 13.385 13.345 13.346 13.337 13.333 13.365 13.379 13.416 13.432 13.466 13.484 13.484 13.498 13.516 13.554 13.557 13.567 13.549 13.541 13.543 13.485 13.44 13.374 13.328 13.252 13.204 13.135 13.07 13.011 12.951 12.872 12.802 12.7 12.6 12.552 12.444 12.395 12.305 12.242 12.148 12.088 12.006 11.913 11.826
-9999 -9999 -9999 -9999 -9999 -9999 -9999 -9999 -9999 -9999 -9999 -9999 -9999 -9999 -9999 -9999 -9999 -9999 -9999 -9999 13.826 14.209 13.86 13.719 13.434 13.538 13.531 13.548 13.551 13.54 13.502 13.47 13.471 13.462 13.428 13.433 13.446 13.454 13.457 13.472 13.483 13.486 13.494 13.513 13.523 13.521 13.521 13.499 13.481 13.455 13.406 13.382 13.302 13.255 13.188 13.151 13.079 13.014 12.955 12.878 12.82 12.749 12.666 12.594 12.534 12.418 12.38 12.286 12.223 12.133 12.068 11.972 11.902 11.817 11.712
-9999 -9999 -9999 -9999 -9999 -9999 -9999 -9999 -9999 -9999 -9999 -9999 -9999 -9999 -9999 -9999 -9999 -9999 -9999 -9999 -9999 -9999 13.116 13.612 13.464 13.482 13.511 13.527 13.529 13.526 13.531 13.531 13.54 13.541 13.52 13.493 13.483 13.487 13.487 13.483 13.482 13.471 13.471 13.475 13.478 13.485 13.464 13.44 13.414 13.36 13.34 13.286 13.236 13.155 13.124 13.054 12.986 12.938 12.887 12.817 12.756 12.676 12.6 12.542 12.434 12.375 12.272 12.225 12.163 12.07 11.972 11.89 11.799 11.711 11.62
-9999 -9999 -9999 -9999 -9999 -9999 -9999 -9999 -9999 -9999 -9999 -9999 -9999 -9999 -9999 -9999 -9999 -9999 12.848 13.126 13.007 13.239 13.36 13.404 13.42 13.42 13.443 13.464 13.524 13.528 13.542 13.538 13.55 13.544 13.533 13.513 13.498 13.476 13.487 13.452 13.45 13.449 13.438 13.429 13.418 13.421 13.392 13.367 13.312 13.292 13.257 13.235 13.142 13.102 13.046 12.983 12.916 12.877 12.831 12.768 12.69 12.629 12.564 12.457 12.392 12.287 12.22 12.147 12.098 11.996 11.891 11.801 11.697 11.638 11.495
-9999 -9999 -9999 -9999 -9999 -9999 -9999 -9999 -9999 -9999 -9999 -9999 -9999 -9999 -9999 -9999 12.993 13.059 13.122 13.181 13.261 13.331 13.366 13.353 13.351 13.362 13.4 13.452 13.482 13.498 13.51 13.487 13.487 13.495 13.482 13.46 13.459 13.458 13.454 13.435 13.399 13.392 13.36 13.347 13.335 13.305 13.273 13.255 13.226 13.185 13.152 13.108 13.061 12.998 12.945 12.903 12.847 12.791 12.721 12.677 12.599 12.574 12.464 12.409 12.31 12.254 12.139 12.034 11.978 11.881 11.76 11.651 11.586 11.465 11.387
-9999 -9999 -9999 -9999 -9999 -9999 -9999 -9999 -9999 -9999 -9999 -9999 -9999 -9999 -9999 12.781 12.942 13.079 13.155 13.262 13.278 13.286 13.312 13.315 13.306 13.328 13.416 13.432 13.458 13.453 13.447 13.43 13.425 13.422 13.43 13.432 13.411 13.403 13.394 13.382 13.355 13.298 13.277 13.255 13.233 13.205 13.171 13.154 13.122 13.098 13.033 13.002 12.937 12.901 12.858 12.815 12.759 12.684 12.635 12.569 12.529 12.456 12.411 12.28 12.226 12.13 12.039 11.93 11.853 11.758 11.664 11.59 11.453 11.378 11.22
-9999 -9999 -9999 -9999 -9999 -9999 -9999 -9999 -9999 -9999 -9999 -9999 -9999 -9999 -9999 12.804 12.854 12.913 13.126 13.175 13.216 13.247 13.26 13.271 13.284 13.311 13.344 13.402 13.41 13.387 13.388 13.371 13.352 13.36 13.367 13.371 13.351 13.344 13.324 13.306 13.258 13.249 13.241 13.206 13.161 13.143 13.112 13.078 13.071 13.012 12.964 12.907 12.879 12.834 12.791 12.738 12.676 12.628 12.569 12.536 12.452 12.396 12.271 12.229 12.166 12.083 11.986 11.884 11.769 11.691 11.635 11.512 11.433 11.275 11.203
-9999 -9999 -9999 -9999 -9999 -9999 -9999 -9999 -9999 -9999 -9999 -9999 -9999 12.39 12.643 12.773 12.832 13 13.084 13.161 13.188 13.223 13.227 13.267 13.29 13.325 13.352 13.359 13.36 13.348 13.321 13.318 13.32 13.315 13.301 13.302 13.277 13.263 13.247 13.19 13.168 13.149 13.132 13.103 13.077 13.042 13.022 13.004 12.987 12.957 12.887 12.859 12.812 12.752 12.694 12.638 12.586 12.524 12.483 12.395 12.348 12.253 12.197 12.117 12.05 11.964 11.883 11.805 11.673 11.593 11.461 11.393 11.247 11.169 11.07
-9999 -9999 -9999 -9999 -9999 -9999 -9999 -9999 -9999 -9999 -9999 -9999 12.604 12.745 12.785 12.895 12.99 13.048 13.128 13.158 13.203 13.21 13.24 13.258 13.294 13.308 13.306 13.32 13.304 13.296 13.287 13.263 13.274 13.262 13.248 13.236 13.212 13.192 13.144 13.124 13.1 13.093 13.049 13.02 12.988 12.958 12.937 12.899 12.884 12.852 12.831 12.764 12.723 12.662 12.6 12.531 12.479 12.425 12.35 12.296 12.202 12.158 12.102 12.013 11.943 11.858 11.751 11.668 11.593 11.45 11.382 11.208 11.131 11.041 10.942
-9999 -9999 -9999 -9999 -9999 -9999 -9999 -9999 -9999 -9999 -9999 -9999 12.756 12.804 12.838 12.938 13.017 13.082 13.108 13.159 13.184 13.212 13.207 13.223 13.254 13.271 13.262 13.269 13.266 13.25 13.233 13.233 13.224 13.214 13.181 13.173 13.15 13.136 13.102 13.061 13.043 13.012 12.982 12.944 12.923 12.886 12.864 12.843 12.794 12.758 12.736 12.719 12.656 12.587 12.52 12.467 12.402 12.334 12.288 12.199 12.152 12.06 12.012 11.942 11.852 11.803 11.679 11.609 11.473 11.425 11.261 11.182 11.077 10.955 10.852
-9999 -9999 -9999 -9999 -9999 -9999 -9999 -9999 -9999 -9999 -9999 12.639 12.708 12.8 12.875 12.976 13.052 13.113 13.137 13.153 13.192 13.205 13.204 13.2 13.226 13.23 13.228 13.228 13.218 13.198 13.183 13.171 13.155 13.14 13.108 13.082 13.073 13.04 13.014 12.989 12.957 12.937 12.885 12.861 12.844 12.802 12.762 12.721 12.703 12.639 12.62 12.584 12.555 12.484 12.421 12.374 12.297 12.251 12.17 12.115 12.019 11.976 11.878 11.795 11.733 11.67 11.608 11.463 11.388 11.254 11.177 11.056 10.949 10.828 10.711
-9999 -9999 -9999 -9999 -9999 -9999 -9999 -9999 -9999 -9999 -9999 12.653 12.697 12.731 12.919 12.987 13.082 13.11 13.14 13.176 13.158 13.164 13.173 13.182 13.186 13.177 13.189 13.191 13.174 13.145 13.142 13.131 13.093 13.083 13.048 13.006 12.987 12.968 12.958 12.909 12.888 12.844 12.815 12.79 12.749 12.718 12.675 12.636 12.584 12.561 12.505 12.477 12.444 12.389 12.317 12.254 12.219 12.128 12.086 11.983 11.941 11.859 11.781 11.705 11.625 11.568 11.449 11.385 11.216 11.13 11.047 10.917 10.793 10.696 10.618
-9999 -9999 -9999 -9999 -9999 -9999 -9999 -9999 -9999 -9999 -9999 -9999 12.591 12.68 12.776 12.936 12.978 13.052 13.086 13.106 13.126 13.117 13.126 13.134 13.136 13.137 13.137 13.131 13.122 13.107 13.083 13.056 13.032 13.006 12.998 12.959 12.925 12.887 12.884 12.863 12.826 12.808 12.744 12.72 12.676 12.651 12.609 12.567 12.524 12.465 12.438 12.392 12.354 12.3 12.25 12.187 12.119 12.082 11.985 11.948 11.886 11.828 11.725 11.638 11.531 11.436 11.376 11.242 11.178 11.079 10.959 10.848 10.729 10.618 10.517
-9999 -9999 -9999 -9999 -9999 -9999 -9999 -9999 -9999 -9999 -9999 -9999 12.306 12.514 12.718 12.788 12.903 12.934 13.015 13.051 13.085 13.088 13.096 13.094 13.093 13.07 13.075 13.058 13.045 13.02 12.995 12.992 12.942 12.931 12.909 12.903 12.848 12.818 12.804 12.776 12.755 12.705 12.684 12.627 12.603 12.556 12.52 12.469 12.417 12.386 12.331 12.306 12.255 12.214 12.153 12.092 12.049 11.976 11.913 11.821 11.771 11.703 11.606 11.504 11.413 11.344 11.232 11.156 11.033 10.921 10.812 10.713 10.59 10.469 10.386
