brt_modelling/variables/recorte_bo_bathymean_lonlat_tif_tif.asc
ncols         422
nrows         720
xllcorner     -85.083333333333
yllcorner     -60
cellsize      0.083333333333333
NODATA_value  -9999
[rows 612 to 645 of 720, columns 231 to 307 of 422]
-121 -103 -100 -102 -106 -120 -122 -139 -135 -137 -130 -119 -134 -135 -142 -142 -146 -147 -145 -142 -139 -140 -142 -144 -148 -152 -135 -129 -134 -139 -151 -161 -170 -181 -192 -192 -185 -189 -194 -194 -193 -194 -200 -209 -214 -210 -208 -194 -179 -164 -142 -125 -108 -97 -87 -44 -14 -61 -69 -68 -62 -53 -60 -61 -85 -91 -91 -85 -88 -87 -85 -86 -99 -103 -106 -106 -107
-136 -106 -94 -116 -132 -135 -123 -137 -141 -139 -129 -130 -138 -138 -145 -141 -139 -144 -141 -140 -140 -140 -153 -160 -154 -148 -142 -149 -160 -170 -170 -166 -182 -189 -198 -196 -185 -184 -186 -196 -206 -202 -199 -200 -200 -194 -196 -188 -180 -165 -154 -148 -122 -106 -99 -97 -94 -83 -67 -25 -32 -38 -40 -40 -43 -44 -63 -65 -71 -73 -71 -73 -76 -77 -80 -85 -83
-140 -130 -135 -150 -149 -143 -140 -136 -144 -144 -137 -138 -139 -139 -139 -141 -142 -144 -147 -147 -152 -147 -156 -159 -161 -164 -168 -164 -159 -157 -160 -171 -178 -177 -178 -183 -188 -199 -206 -209 -201 -199 -198 -199 -198 -203 -199 -191 -183 -169 -165 -152 -144 -133 -126 -111 -87 -70 -62 -16 -25 -24 -17 -19 -22 -22 -22 -29 -33 -35 -37 -38 -49 -51 -56 -59 -59
-148 -143 -138 -157 -152 -146 -140 -125 -142 -143 -151 -153 -149 -146 -147 -150 -161 -159 -155 -150 -152 -158 -169 -173 -161 -151 -147 -145 -150 -150 -156 -166 -170 -170 -171 -177 -200 -207 -200 -200 -201 -214 -212 -213 -208 -208 -202 -192 -185 -165 -155 -149 -142 -134 -120 -102 -76 -68 -51 -37 -32 -32 -25 12 -21 -21 29 22 20 4 22 -10 9 8 15 -4 -18
-151 -149 -146 -150 -146 -147 -147 -143 -134 -136 -137 -141 -144 -141 -158 -167 -167 -165 -158 -154 -156 -163 -168 -155 -140 -143 -154 -159 -158 -169 -179 -190 -183 -185 -176 -180 -205 -208 -209 -197 -202 -206 -212 -221 -220 -212 -195 -192 -185 -163 -153 -150 -130 -122 -118 -100 -95 -88 -74 -67 -50 -1 70 74 -3 -23 3 54 29 3 22 0 0 3 0 1 10
-135 -139 -130 -131 -133 -131 -132 -133 -139 -131 -131 -129 -141 -154 -158 -162 -160 -155 -156 -155 -157 -162 -162 -147 -151 -161 -164 -164 -168 -178 -194 -206 -204 -197 -189 -202 -215 -210 -206 -216 -221 -224 -229 -231 -230 -221 -202 -194 -183 -164 -156 -144 -126 -111 -93 -89 -85 -76 -70 -77 -64 -36 -21 86 27 43 20 -12 -6 34 72 49 43 54 72 49 56
-134 -132 -132 -133 -132 -128 -122 -122 -135 -124 -121 -126 -139 -156 -156 -153 -150 -151 -158 -155 -154 -154 -156 -152 -155 -176 -183 -183 -192 -199 -208 -215 -209 -205 -207 -226 -218 -211 -206 -221 -241 -244 -237 -236 -228 -213 -200 -187 -171 -156 -146 -142 -130 -101 -82 -78 -77 -75 -70 -50 -45 -61 -54 -38 44 -9999 -9999 -9999 -9999 -9999 -9999 -9999 -9999 -9999 -9999 -9999 -9999
-135 -132 -135 -134 -128 -118 -113 -111 -123 -127 -116 -131 -155 -160 -157 -152 -149 -151 -158 -160 -159 -155 -158 -133 -119 -157 -196 -208 -213 -213 -215 -213 -201 -212 -223 -223 -207 -206 -213 -225 -240 -259 -247 -234 -208 -205 -195 -176 -169 -169 -153 -128 -113 -100 -88 -72 -73 -73 -70 -65 -54 -32 -54 -55 -33 -27 1 57 -9999 -9999 -9999 -9999 -9999 -9999 296 75 36
-139 -141 -140 -128 -124 -136 -129 -126 -123 -128 -127 -128 -143 -148 -150 -156 -158 -158 -156 -162 -165 -174 -170 -146 -133 -156 -198 -212 -207 -194 -201 -202 -193 -208 -201 -202 -206 -210 -213 -218 -230 -246 -252 -236 -203 -184 -176 -184 -161 -162 -146 -120 -109 -97 5 -30 -60 -56 -62 -55 -43 -45 27 33 47 43 30 32 91 -9999 -9999 -9999 -9999 -9999 69 -10 -29
-137 -164 -164 -155 -154 -157 -163 -155 -146 -143 -149 -144 -156 -154 -164 -169 -174 -165 -151 -167 -183 -189 -185 -178 -181 -187 -204 -208 -202 -199 -200 -199 -215 -213 -208 -210 -215 -217 -221 -225 -236 -247 -242 -248 -264 -220 -190 -213 -175 -145 -130 -125 -119 -94 -14 -21 -16 15 -5 -8 -40 -49 -32 12 11 -1 13 20 -9999 -9999 -9999 -9999 -9999 44 0 -11 -27
-114 -124 -127 -134 -152 -143 -147 -143 -142 -145 -128 -128 -136 -139 -153 -167 -180 -174 -167 -179 -184 -175 -191 -195 -191 -183 -198 -208 -200 -196 -203 -223 -216 -221 -213 -207 -212 -218 -224 -230 -239 -250 -254 -254 -261 -256 -244 -229 -209 -168 -136 -133 -119 -109 -29 1 38 78 87 -12 -41 -45 -39 -24 13 24 -9999 40 97 -9999 -9999 62 6 -14 -10 -9 16
-116 -120 -126 -132 -158 -153 -148 -148 -137 -134 -121 -118 -129 -136 -151 -156 -167 -166 -171 -179 -181 -175 -186 -186 -194 -202 -200 -201 -201 -217 -229 -232 -219 -210 -203 -200 -208 -223 -228 -232 -242 -255 -260 -258 -264 -263 -247 -238 -229 -175 -142 -139 -122 -125 -122 -106 -70 32 87 -1 2 -10 -6 0 35 -9999 -9999 55 44 11 42 24 -20 -11 2 13 -9999
-126 -122 -127 -131 -137 -143 -162 -147 -117 -128 -134 -121 -125 -144 -167 -161 -165 -166 -173 -177 -173 -160 -176 -194 -196 -195 -207 -223 -225 -234 -229 -216 -198 -201 -218 -224 -233 -238 -237 -246 -254 -275 -280 -276 -279 -279 -278 -281 -263 -204 -168 -151 -159 -144 -129 -119 -105 -13 17 12 53 66 -9999 -9999 -9999 -9999 57 -26 -35 -44 -34 -26 -24 -12 -1 -9999 -9999
-131 -137 -118 -104 -101 -124 -155 -157 -137 -150 -148 -119 -120 -140 -162 -166 -174 -169 -162 -172 -176 -168 -190 -207 -196 -196 -190 -214 -239 -232 -245 -241 -227 -225 -235 -243 -253 -258 -275 -283 -281 -282 -284 -281 -266 -266 -287 -308 -325 -279 -215 -199 -172 -170 -145 -136 -125 -122 -56 18 45 53 -9999 96 69 56 -17 -55 -39 -43 -42 -18 -20 -3 19 -9999 28
-138 -131 -104 -115 -121 -150 -157 -146 -150 -168 -166 -147 -134 -155 -164 -167 -173 -170 -172 -189 -198 -211 -213 -208 -213 -214 -202 -222 -246 -237 -258 -268 -265 -254 -257 -274 -284 -284 -290 -289 -279 -278 -296 -300 -283 -271 -281 -295 -342 -336 -290 -251 -197 -184 -171 -153 -135 -123 -115 -89 -43 -21 65 22 -31 -50 -81 -68 -64 -76 -70 -29 -10 8 -7 33 17
-133 -132 -123 -126 -134 -150 -153 -132 -148 -164 -163 -160 -159 -164 -170 -173 -176 -181 -194 -206 -201 -213 -241 -233 -227 -227 -241 -265 -254 -245 -265 -269 -253 -256 -274 -282 -290 -291 -294 -286 -275 -300 -314 -312 -315 -309 -295 -289 -327 -349 -326 -280 -243 -230 -198 -176 -158 -156 -144 -121 -112 -88 -91 -128 -113 -106 -100 -96 -99 -92 -85 -50 -19 -9 -33 -21 9
-120 -125 -126 -137 -142 -148 -135 -113 -154 -151 -154 -161 -164 -167 -171 -174 -183 -197 -212 -224 -233 -237 -244 -233 -229 -240 -258 -264 -253 -240 -249 -256 -257 -266 -273 -276 -286 -295 -301 -307 -311 -320 -321 -313 -313 -314 -301 -302 -324 -352 -345 -311 -280 -254 -240 -229 -216 -186 -171 -152 -148 -158 -150 -132 -125 -123 -119 -118 -111 -96 -71 -40 -25 -12 -17 -45 -52
-118 -124 -128 -135 -138 -143 -137 -126 -139 -150 -153 -149 -164 -168 -172 -183 -197 -200 -225 -221 -237 -231 -234 -244 -257 -260 -252 -251 -258 -259 -259 -269 -271 -265 -270 -274 -280 -282 -285 -294 -306 -309 -304 -306 -306 -306 -306 -317 -327 -347 -339 -334 -320 -303 -282 -285 -269 -251 -227 -215 -207 -196 -195 -177 -147 -143 -140 -133 -129 -126 -122 -106 -94 -95 -83 -85 -76
-121 -123 -127 -130 -132 -138 -136 -136 -138 -146 -151 -157 -168 -173 -179 -189 -197 -202 -212 -217 -220 -227 -238 -252 -263 -262 -263 -263 -269 -269 -273 -282 -289 -291 -286 -292 -297 -297 -298 -302 -309 -313 -323 -330 -326 -322 -318 -317 -333 -353 -358 -350 -348 -363 -359 -346 -329 -299 -281 -281 -283 -248 -222 -198 -190 -167 -154 -152 -150 -141 -127 -120 -120 -118 -105 -96 -77
-120 -120 -123 -125 -126 -129 -126 -131 -136 -136 -142 -152 -161 -171 -179 -188 -197 -206 -220 -230 -237 -239 -248 -262 -263 -268 -271 -274 -277 -277 -285 -290 -297 -296 -294 -297 -302 -303 -303 -308 -314 -317 -322 -328 -326 -324 -317 -321 -335 -349 -362 -353 -348 -353 -355 -356 -355 -357 -364 -329 -334 -319 -287 -258 -219 -179 -201 -176 -169 -153 -139 -125 -109 -118 -126 -118 -91
-120 -122 -123 -125 -124 -128 -130 -131 -134 -138 -146 -154 -165 -177 -188 -200 -211 -223 -234 -242 -250 -260 -274 -267 -272 -279 -284 -291 -294 -298 -300 -300 -302 -303 -304 -305 -309 -312 -316 -317 -320 -325 -331 -342 -342 -341 -335 -338 -342 -346 -359 -362 -352 -356 -360 -365 -367 -377 -401 -383 -359 -344 -366 -319 -255 -219 -231 -216 -179 -171 -167 -154 -156 -157 -159 -159 -153
-120 -123 -114 -126 -133 -130 -130 -132 -132 -135 -130 -158 -175 -186 -196 -210 -224 -235 -249 -239 -250 -270 -272 -292 -290 -304 -302 -310 -307 -305 -302 -300 -303 -309 -317 -320 -322 -322 -323 -326 -331 -335 -337 -343 -350 -342 -341 -337 -340 -348 -359 -376 -360 -352 -353 -362 -371 -373 -395 -419 -441 -388 -414 -397 -339 -277 -244 -216 -205 -193 -186 -183 -183 -179 -166 -148 -142
-109 -114 -110 -111 -135 -132 -127 -125 -125 -134 -130 -157 -185 -195 -201 -214 -221 -207 -238 -270 -281 -280 -276 -284 -302 -307 -328 -331 -324 -324 -329 -324 -324 -327 -327 -328 -332 -333 -332 -337 -341 -341 -345 -358 -365 -354 -352 -346 -347 -344 -348 -365 -362 -352 -351 -357 -365 -381 -406 -414 -438 -454 -462 -492 -411 -335 -319 -262 -197 -202 -184 -162 -166 -176 -161 -141 -131
-117 -118 -118 -116 -108 -108 -118 -120 -120 -132 -152 -168 -176 -177 -178 -187 -188 -193 -238 -282 -266 -243 -247 -258 -292 -339 -376 -385 -359 -347 -356 -339 -325 -329 -337 -339 -340 -342 -344 -346 -349 -352 -356 -366 -380 -379 -384 -385 -387 -385 -391 -404 -413 -392 -388 -395 -403 -410 -418 -437 -424 -452 -469 -499 -484 -437 -423 -386 -313 -300 -259 -231 -220 -203 -192 -185 -176
-113 -122 -127 -128 -122 -119 -126 -116 -114 -137 -140 -143 -142 -138 -142 -145 -151 -177 -225 -212 -214 -181 -200 -205 -249 -332 -370 -377 -365 -356 -357 -362 -369 -370 -363 -353 -349 -356 -371 -378 -374 -374 -394 -415 -429 -420 -427 -432 -443 -450 -450 -453 -478 -473 -452 -435 -422 -372 -356 -501 -481 -483 -478 -506 -530 -525 -508 -471 -378 -399 -368 -346 -320 -318 -333 -311 -282
-111 -115 -123 -117 -115 -126 -125 -115 -120 -136 -144 -138 -131 -139 -146 -179 -199 -219 -219 -195 -192 -207 -199 -207 -228 -306 -340 -375 -360 -356 -379 -381 -381 -392 -399 -393 -379 -386 -396 -416 -426 -428 -432 -448 -469 -460 -468 -476 -478 -476 -480 -482 -506 -522 -491 -481 -481 -483 -510 -524 -507 -538 -554 -561 -575 -592 -580 -556 -516 -472 -459 -448 -418 -416 -461 -466 -465
-112 -114 -114 -115 -115 -126 -132 -132 -131 -132 -128 -134 -169 -168 -150 -156 -184 -205 -221 -257 -285 -310 -328 -350 -377 -382 -381 -332 -326 -333 -378 -378 -386 -398 -414 -412 -425 -433 -447 -474 -495 -492 -473 -482 -506 -490 -481 -488 -499 -501 -498 -499 -503 -522 -509 -529 -540 -533 -542 -560 -541 -572 -592 -618 -652 -680 -684 -657 -652 -616 -596 -592 -594 -615 -605 -603 -595
-108 -114 -114 -118 -122 -124 -129 -134 -134 -135 -132 -137 -152 -144 -144 -143 -134 -155 -211 -273 -288 -313 -333 -367 -398 -415 -431 -449 -449 -442 -447 -430 -408 -419 -437 -440 -437 -380 -459 -489 -502 -509 -508 -519 -534 -530 -525 -532 -540 -539 -536 -553 -559 -567 -566 -562 -565 -578 -596 -614 -610 -649 -695 -749 -800 -841 -884 -924 -878 -854 -875 -872 -857 -824 -807 -743 -725
-113 -109 -111 -116 -116 -119 -127 -135 -129 -132 -135 -137 -138 -137 -142 -152 -132 -126 -167 -204 -255 -305 -345 -378 -411 -424 -450 -483 -492 -488 -467 -480 -482 -467 -462 -462 -466 -473 -480 -479 -487 -504 -525 -533 -547 -526 -515 -522 -488 -394 -555 -600 -608 -613 -652 -629 -641 -661 -684 -730 -741 -754 -799 -849 -877 -902 -939 -982 -1020 -1063 -1106 -1136 -1165 -1190 -1224 -1196 -1197
-100 -113 -116 -119 -115 -114 -121 -122 -129 -132 -130 -130 -136 -145 -143 -139 -142 -146 -151 -171 -198 -220 -317 -362 -443 -463 -476 -504 -514 -515 -503 -501 -491 -467 -458 -471 -477 -474 -480 -481 -483 -473 -516 -560 -564 -522 -496 -495 -563 -580 -616 -633 -653 -682 -738 -714 -600 -699 -818 -853 -846 -818 -843 -884 -893 -917 -971 -1025 -1073 -1121 -1180 -1231 -1282 -1369 -1414 -1463 -1515
-100 -96 -95 -99 -115 -119 -120 -120 -121 -126 -128 -127 -129 -136 -129 -127 -143 -150 -159 -159 -168 -199 -302 -397 -456 -483 -506 -536 -541 -537 -527 -511 -495 -455 -446 -457 -483 -486 -466 -444 -474 -513 -534 -559 -589 -628 -640 -642 -602 -595 -612 -626 -623 -671 -742 -770 -691 -704 -756 -788 -803 -760 -784 -813 -836 -887 -943 -980 -1031 -1098 -1161 -1233 -1316 -1412 -1486 -1545 -1602
-83 -82 -94 -98 -111 -118 -112 -117 -122 -127 -125 -128 -131 -124 -118 -138 -147 -144 -160 -167 -143 -136 -205 -351 -452 -500 -529 -550 -559 -561 -543 -533 -526 -480 -450 -428 -449 -491 -495 -487 -496 -513 -537 -579 -629 -626 -613 -628 -653 -693 -689 -603 -535 -542 -562 -584 -604 -611 -608 -586 -551 -532 -562 -573 -600 -653 -665 -735 -840 -898 -999 -1083 -1202 -1328 -1424 -1479 -1544
-100 -107 -114 -109 -111 -112 -115 -116 -120 -123 -123 -125 -136 -134 -130 -141 -143 -137 -158 -140 -116 -134 -226 -356 -438 -495 -543 -567 -583 -580 -568 -554 -545 -524 -500 -456 -452 -478 -495 -495 -499 -495 -504 -541 -607 -697 -729 -740 -669 -597 -523 -456 -410 -383 -358 -330 -349 -378 -425 -395 -372 -350 -351 -375 -381 -391 -422 -474 -507 -559 -662 -777 -905 -1059 -1191 -1269 -1342
-106 -108 -111 -111 -110 -110 -119 -114 -127 -133 -115 -120 -120 -124 -138 -139 -138 -138 -146 -106 -65 -86 -178 -329 -407 -495 -557 -584 -604 -601 -597 -572 -548 -545 -535 -512 -492 -488 -501 -493 -481 -439 -413 -425 -485 -572 -661 -588 -415 -316 -308 -309 -303 -252 -216 -197 -174 -159 -169 -167 -194 -210 -202 -224 -200 -239 -262 -261 -278 -264 -301 -388 -473 -597 -743 -787 -806
