brt_modelling/variables/recorte_bo_bathymean_lonlat_tif_tif.asc
ncols         422
nrows         720
xllcorner     -85.083333333333
yllcorner     -60
cellsize      0.083333333333333
NODATA_value  -9999
[rows 306 to 339 of 720, columns 77 to 153 of 422]
-4286 -4349 -4317 -4171 -4111 -4155 -4319 -4149 -3851 -3982 -4117 -4188 -4200 -3988 -3842 -3466 -4057 -4142 -4157 -4186 -4056 -4007 -4163 -4154 -4308 -4401 -4505 -4354 -4127 -3196 -3044 -4039 -3923 -3691 -3047 -2074 -2836 -3239 -3075 -3432 -3490 -3307 -3409 -3687 -3814 -3848 -4000 -3976 -3617 -3866 -4225 -3879 -3916 -3921 -3635 -4344 -4607 -4560 -4606 -4545 -4458 -4579 -4578 -4351 -4084 -3874 -3777 -3520 -3450 -3649 -3664 -3633 -3922 -4039 -4164 -3968 -3448
-4170 -4204 -4233 -4202 -4150 -3965 -4195 -4295 -3918 -3832 -4084 -4085 -4135 -4041 -3848 -3856 -3745 -3716 -3940 -3984 -3674 -3276 -3728 -4243 -4340 -4420 -4613 -4508 -4165 -3356 -3484 -3996 -3799 -3695 -3301 -2669 -2797 -2489 -2773 -3440 -3294 -3243 -3756 -3812 -3821 -3703 -3741 -3900 -3560 -3783 -4260 -4121 -4170 -4006 -3628 -4390 -4494 -4180 -4365 -4514 -4707 -4791 -4614 -4534 -4223 -4070 -4015 -3875 -3765 -3821 -3759 -3864 -3952 -4048 -4090 -4049 -3914
-3980 -3852 -3976 -4181 -4200 -3911 -4074 -4228 -4117 -3814 -3978 -3993 -4073 -3928 -3769 -3527 -2011 -1929 -3238 -3672 -3481 -2869 -3225 -4052 -4253 -4239 -4431 -4423 -4490 -4404 -4178 -4004 -3740 -3717 -3670 -3501 -2821 -1536 -2231 -3358 -3368 -3455 -3747 -3772 -3724 -3831 -4040 -4136 -3758 -3921 -4185 -4034 -4019 -3814 -3657 -4334 -3809 -3072 -3868 -4298 -4288 -4601 -4623 -4349 -4087 -4078 -4194 -4240 -4132 -3911 -3792 -3990 -4053 -4023 -3903 -3787 -3752
-3509 -3264 -3655 -4201 -4215 -4188 -4081 -4096 -4161 -3898 -3904 -3877 -3956 -3941 -3498 -2982 -1998 -2532 -3504 -3757 -3726 -3536 -3520 -3898 -4210 -4155 -4286 -4332 -4114 -3949 -3993 -4038 -4025 -4022 -3938 -3780 -3400 -2711 -3212 -3791 -3772 -3685 -3700 -3715 -3617 -3691 -4038 -4252 -3901 -3721 -4393 -4312 -4181 -4097 -4258 -4403 -3574 -2886 -3550 -4071 -3949 -4226 -4345 -3518 -2850 -3574 -4219 -4188 -4159 -4052 -3991 -3927 -3923 -3980 -3761 -3678 -3555
-3627 -3503 -3563 -4080 -4054 -4128 -4058 -4023 -4160 -4072 -3813 -3638 -3862 -3859 -2957 -2251 -2987 -3462 -3757 -3736 -3587 -3335 -3231 -3604 -4046 -4034 -4063 -4032 -3620 -3311 -3544 -3896 -4049 -4033 -4056 -3991 -4002 -4057 -4157 -4172 -4056 -4061 -4011 -3679 -3778 -3851 -3842 -3926 -4090 -3843 -4418 -4415 -4349 -4049 -4080 -4094 -3822 -3534 -3742 -3977 -3938 -4131 -4056 -3237 -2456 -3433 -4226 -4207 -4174 -4167 -4191 -4123 -4088 -3959 -3767 -3775 -3694
-3892 -3741 -3954 -4017 -3907 -4034 -3930 -3921 -4086 -4142 -3774 -3492 -3619 -3377 -3123 -3098 -3371 -3213 -3246 -3269 -3226 -3248 -3204 -3534 -3866 -3884 -3789 -3725 -3695 -3663 -3680 -3632 -3831 -3709 -3788 -3711 -3613 -4102 -4336 -4280 -4312 -4378 -4515 -4270 -4466 -4536 -4531 -4498 -4431 -4242 -4319 -4362 -4423 -3942 -3725 -3781 -3895 -3810 -3909 -4040 -4160 -4354 -4288 -3906 -3729 -4038 -4320 -4446 -4400 -4192 -4202 -4207 -4244 -4125 -3909 -3900 -3850
-3924 -3812 -3869 -4129 -4190 -4222 -4096 -4029 -4039 -4123 -3887 -3610 -3525 -3417 -3402 -3532 -3539 -3417 -3547 -3475 -3588 -3432 -3116 -3439 -3529 -3630 -3634 -3806 -3900 -3717 -3743 -3761 -3656 -3313 -3419 -3243 -3580 -4202 -4501 -4459 -4447 -4339 -4580 -4539 -4271 -4314 -4354 -4405 -4339 -4026 -4047 -3864 -4056 -3775 -3660 -3744 -3825 -3886 -4093 -4152 -4146 -4295 -4291 -4270 -4235 -4297 -4267 -4386 -4348 -4218 -4225 -4380 -4365 -4279 -4075 -4084 -3997
-3335 -3581 -3557 -3485 -3653 -4215 -4456 -4268 -4072 -4133 -4046 -3612 -3441 -3482 -3597 -3699 -3658 -3436 -3441 -3419 -3433 -3349 -3267 -3470 -3226 -3312 -3510 -3493 -3830 -3761 -3808 -3892 -3615 -3352 -3189 -3010 -3615 -3798 -4146 -4183 -4041 -3894 -4159 -4154 -4052 -3971 -3814 -3795 -3850 -3501 -3827 -3661 -3700 -3670 -3748 -3956 -3897 -3882 -4028 -4059 -3953 -4045 -4182 -4203 -4256 -4220 -4213 -4379 -4277 -4288 -4397 -4533 -4525 -4432 -4262 -4301 -4261
-3265 -3112 -2871 -2061 -1851 -2504 -3502 -3816 -3901 -4044 -4008 -3626 -3484 -3558 -3618 -3520 -3477 -3545 -3590 -3509 -3433 -3570 -3507 -3131 -2994 -3254 -3371 -3411 -3695 -3831 -3756 -3833 -3916 -3690 -3232 -3240 -3541 -3621 -3874 -4008 -3979 -3904 -4058 -3960 -3939 -4119 -4021 -3646 -3529 -3669 -3742 -3757 -3499 -3613 -3808 -3965 -3998 -3958 -3939 -3939 -3954 -3870 -4023 -4122 -4066 -4118 -4145 -4196 -4270 -4353 -4462 -4575 -4588 -4441 -4333 -4332 -4378
-4186 -4096 -3860 -3328 -2616 -2515 -3296 -3794 -3843 -4011 -3991 -3670 -3596 -3561 -3493 -3273 -3339 -3576 -3608 -3582 -3658 -3796 -3648 -2915 -2792 -3147 -3417 -3595 -3797 -3790 -3807 -3924 -3966 -3686 -3513 -3900 -3962 -3806 -3717 -3801 -3959 -3964 -4089 -4126 -4034 -4214 -4094 -3736 -3478 -3511 -3466 -3921 -3992 -3854 -3812 -3895 -3937 -3923 -3916 -3990 -4037 -4007 -3982 -4000 -4034 -4068 -4114 -4077 -4202 -4348 -4352 -4509 -4452 -4326 -4278 -4273 -4380
-4170 -4213 -4065 -3919 -3679 -3547 -3894 -4017 -3909 -3885 -3755 -3774 -3685 -3532 -3468 -3429 -3503 -3502 -3435 -3485 -3549 -3753 -3540 -3258 -3332 -3555 -3845 -3989 -4018 -4035 -3958 -3874 -3717 -3492 -3722 -4148 -4233 -4114 -3624 -3844 -3979 -3728 -3725 -4014 -3785 -3792 -3810 -3737 -3604 -3880 -3870 -3720 -3971 -3889 -3562 -3770 -3872 -3862 -3871 -3960 -3953 -3906 -4047 -4025 -4032 -4028 -4076 -4059 -4055 -4064 -4166 -4285 -4154 -4223 -4216 -4236 -4358
-4026 -4003 -3961 -3834 -3906 -3747 -3827 -3927 -4070 -3918 -3701 -3640 -3604 -3616 -3525 -3500 -3640 -3514 -3316 -3516 -3816 -3857 -3719 -3944 -3902 -3657 -3753 -3918 -3894 -3916 -3997 -3879 -3744 -3734 -3761 -3986 -4225 -4313 -4020 -3879 -3760 -3600 -3541 -3940 -3811 -3895 -3927 -3827 -3709 -3746 -3932 -3811 -3805 -4018 -3978 -3897 -3825 -3974 -4067 -3919 -3831 -3858 -3957 -4046 -4025 -4026 -3893 -3969 -3981 -3868 -3976 -4141 -4091 -4168 -4139 -4203 -4279
-3791 -3740 -3840 -3884 -3907 -3887 -3868 -3865 -3838 -3731 -3823 -3708 -3641 -3800 -3534 -3319 -3628 -3532 -3381 -3564 -3892 -3964 -4013 -4095 -3596 -3484 -3534 -3837 -4037 -4070 -3860 -3808 -3985 -3995 -3947 -4118 -4251 -4343 -4247 -4034 -3935 -3832 -3802 -3834 -3773 -3957 -4056 -3921 -3768 -3764 -3892 -3875 -3947 -4017 -4116 -3970 -3804 -4055 -4177 -3857 -3786 -3792 -3974 -3966 -3963 -3951 -3926 -3862 -3982 -3984 -3977 -4019 -3913 -4054 -4128 -4176 -4244
-3924 -3917 -3936 -3929 -3877 -3738 -3897 -3774 -3361 -3644 -3635 -3122 -3396 -3883 -3574 -3214 -3545 -3588 -3321 -3339 -3551 -3850 -3959 -4147 -3884 -3775 -3467 -3789 -4110 -4084 -3938 -4063 -4278 -4220 -4258 -4302 -4275 -4292 -4302 -4082 -3709 -4029 -4158 -3961 -3840 -3860 -3889 -3866 -3885 -3777 -3778 -3774 -3999 -4064 -4102 -3996 -3972 -4124 -4088 -3832 -3966 -3982 -3972 -4114 -4105 -4008 -3923 -3834 -4004 -4045 -3998 -4015 -3972 -4054 -4101 -4111 -4189
-4090 -3989 -4012 -3987 -3931 -3928 -3950 -3847 -3830 -3869 -3386 -2725 -3369 -3848 -3631 -3276 -3401 -3518 -3374 -3427 -3336 -3350 -3603 -3947 -3938 -3392 -2595 -3490 -4106 -4239 -4388 -4362 -4377 -4277 -4215 -4224 -4120 -4055 -4153 -3974 -3960 -4006 -3973 -3915 -3923 -3941 -3799 -3884 -3943 -3845 -3845 -3698 -3851 -3907 -4085 -4052 -4107 -4055 -3941 -3972 -4142 -4070 -4010 -4060 -4044 -4028 -3987 -3907 -4017 -4010 -3995 -4083 -4146 -4079 -4081 -4087 -4177
-4081 -4107 -4033 -3362 -3384 -3721 -3845 -4038 -3860 -3735 -3464 -3363 -3607 -3520 -3468 -3587 -3507 -3547 -3587 -3505 -3418 -3196 -3195 -3563 -3489 -2579 -1861 -3157 -4146 -4204 -4276 -4354 -4305 -4342 -4202 -4150 -4021 -3994 -4209 -4105 -4037 -3878 -3720 -3926 -3978 -3978 -3859 -3850 -3718 -3869 -3991 -3885 -3905 -3900 -3993 -4002 -4041 -3995 -3922 -3963 -4034 -4072 -4043 -4059 -4020 -4073 -4090 -4045 -4032 -4040 -3977 -3983 -4008 -4037 -4081 -4074 -4183
-4063 -4181 -3981 -3346 -3018 -3399 -3806 -3680 -3400 -3389 -3614 -3648 -3599 -3595 -3364 -3535 -3657 -3630 -3619 -3484 -3482 -3391 -3298 -3667 -3623 -2883 -2523 -3127 -3756 -4036 -4045 -4006 -3788 -3866 -4061 -4279 -4199 -4118 -4040 -3924 -4059 -3970 -3907 -4070 -4040 -3931 -3992 -3955 -3834 -3797 -3683 -3822 -3917 -3894 -3938 -4006 -3993 -3917 -4033 -4147 -4064 -4121 -4028 -3983 -4052 -4236 -4169 -4165 -4179 -4084 -3995 -3980 -3944 -4017 -4173 -4180 -4224
-4067 -3983 -3784 -3721 -3434 -3287 -3657 -3725 -3622 -3600 -3619 -3149 -3375 -3842 -3798 -3630 -3659 -3700 -3588 -3526 -3553 -3501 -3449 -3491 -3837 -3812 -3651 -3078 -2694 -3677 -3823 -3730 -3394 -3206 -3329 -3925 -4171 -4198 -3870 -3731 -3964 -3996 -3939 -4043 -4199 -3994 -3960 -4070 -4024 -3936 -3619 -3777 -4028 -3956 -3869 -4051 -4045 -3996 -4063 -4145 -4108 -4076 -3990 -3977 -4045 -4217 -4184 -4151 -4241 -4146 -4106 -4153 -4072 -4051 -4026 -4086 -4249
-4177 -4049 -3905 -3784 -3734 -3209 -3381 -3676 -3454 -3301 -3345 -3247 -3718 -3889 -3719 -3502 -3548 -3881 -3819 -3627 -3681 -3572 -3558 -3812 -3870 -3749 -3701 -3428 -3329 -3799 -3920 -4052 -3917 -3658 -3247 -3288 -3384 -3904 -3747 -3698 -4018 -4120 -4041 -3996 -4172 -3988 -3830 -4096 -4215 -4145 -3960 -3890 -4016 -4022 -3934 -4044 -4128 -4059 -4159 -4162 -3946 -3944 -4091 -4092 -4091 -4234 -4135 -4077 -4088 -3988 -3955 -4042 -4126 -4054 -3739 -3775 -4288
-4121 -3869 -3731 -3621 -3671 -3462 -3318 -3508 -3185 -3173 -3686 -3873 -3703 -3694 -3675 -3447 -3384 -3909 -3829 -3573 -3732 -3777 -3738 -3877 -3740 -3449 -3651 -3872 -3943 -3885 -3773 -4038 -4072 -3948 -3716 -3467 -3176 -3374 -3845 -4161 -4251 -4147 -4055 -4036 -3970 -3976 -4001 -4105 -4147 -4011 -4098 -4090 -4062 -4114 -4136 -4061 -4079 -4089 -3991 -4034 -3812 -3901 -4056 -4088 -4106 -4096 -4183 -4193 -4005 -3935 -3977 -4074 -4097 -3873 -3818 -3977 -4354
-3825 -3797 -3639 -3559 -3477 -3614 -3485 -3565 -3515 -3391 -3705 -3878 -3476 -3513 -3718 -3555 -3256 -3826 -3813 -3593 -3687 -3808 -3775 -3750 -3619 -3587 -3693 -3807 -4039 -3981 -3979 -3776 -3660 -3572 -3298 -3588 -3702 -3315 -3687 -4233 -4303 -4082 -4037 -4046 -4149 -4273 -4228 -4184 -4187 -4131 -4154 -4247 -4153 -4089 -4103 -4052 -4105 -4146 -3943 -3848 -3876 -4055 -4193 -4090 -4080 -3972 -4066 -4138 -4170 -4125 -4051 -4140 -4102 -3590 -3899 -4305 -4335
-3591 -3944 -3672 -3541 -3434 -3429 -3185 -3590 -3801 -3489 -3597 -3852 -3717 -3609 -3731 -3728 -3571 -3888 -3914 -3785 -3879 -3788 -3644 -3832 -3907 -3891 -3968 -3849 -3930 -3983 -4005 -3301 -3144 -3638 -3560 -3690 -3896 -3528 -3562 -3956 -4156 -4041 -4156 -4200 -4233 -4356 -4221 -4135 -4359 -4345 -4173 -4254 -4213 -4132 -4080 -4083 -4058 -4032 -3967 -3946 -3891 -3910 -3972 -3993 -4136 -4044 -4103 -4138 -4153 -4114 -4054 -4092 -4048 -3883 -4056 -4228 -4387
-3742 -3843 -3750 -3722 -3587 -3615 -3774 -3820 -3717 -3398 -3672 -3806 -3822 -3691 -3804 -3726 -3344 -3662 -3963 -3821 -3835 -3694 -3551 -3898 -3977 -3880 -3977 -3958 -3988 -3937 -3984 -3952 -3666 -3827 -3748 -3778 -3923 -3764 -3732 -3766 -3942 -4089 -4290 -4203 -4178 -4267 -4474 -4267 -4293 -4270 -4071 -4115 -4253 -4242 -4232 -4196 -4068 -4072 -4060 -4023 -3837 -3775 -3839 -3975 -4093 -4150 -4181 -4149 -4130 -4056 -4008 -3957 -3911 -3794 -3744 -4008 -4338
-3821 -3692 -3813 -3707 -3353 -3422 -3723 -3877 -3649 -3402 -3709 -3790 -3797 -3775 -3872 -3551 -2501 -2852 -3812 -3833 -3811 -3799 -3720 -3927 -4024 -4130 -4114 -4118 -4057 -4087 -4099 -4096 -3915 -3951 -3824 -3782 -4006 -3797 -3791 -3971 -4082 -4094 -4207 -4288 -4268 -4180 -4325 -4412 -4274 -4072 -4046 -4154 -4192 -4279 -4374 -4293 -4199 -4180 -4197 -4132 -3998 -3981 -4073 -4064 -4001 -4054 -4060 -4053 -4093 -3985 -3711 -3654 -3509 -2771 -2742 -3739 -4292
-3801 -3577 -3786 -3635 -3256 -3440 -3827 -3944 -3744 -3717 -3820 -3732 -3705 -3736 -3929 -3603 -2778 -2999 -3777 -3816 -3903 -3871 -3740 -3877 -4011 -4122 -4014 -4047 -4018 -4039 -4105 -4139 -4013 -3990 -3965 -3836 -3991 -3837 -3862 -4057 -4192 -4078 -4011 -4334 -4313 -4288 -4304 -4170 -4332 -4381 -4398 -4306 -4286 -4320 -4309 -4398 -4344 -4217 -3762 -3958 -3937 -4036 -4215 -4196 -3967 -3939 -4062 -4025 -4020 -3752 -3273 -3391 -3246 -2120 -2053 -3429 -4267
-3564 -3591 -3810 -3742 -3328 -3479 -3890 -3915 -3739 -3781 -3834 -3682 -3828 -3844 -3941 -4000 -3953 -3898 -4013 -3896 -3895 -3868 -3883 -4008 -4037 -4106 -3974 -4065 -4204 -4104 -4152 -4067 -3925 -3908 -3921 -3994 -4030 -3961 -3968 -4057 -4157 -4159 -4056 -4266 -4186 -4204 -4256 -4171 -4258 -4440 -4473 -4382 -4184 -4254 -4312 -4312 -4349 -4275 -3412 -2629 -3497 -4036 -4233 -4273 -4109 -4077 -4126 -4196 -4025 -3746 -3619 -3765 -3643 -3162 -3243 -3862 -4486
-3604 -3539 -3346 -3533 -3611 -3656 -3755 -3734 -3741 -3883 -3817 -3756 -3936 -3997 -3986 -4032 -4036 -3763 -4056 -4081 -4037 -4011 -4019 -4080 -4013 -3985 -4103 -4172 -4107 -3920 -4046 -4058 -3990 -3988 -3938 -4043 -4122 -4124 -4154 -4223 -4152 -4100 -4204 -4289 -4090 -4122 -4058 -4274 -4321 -4291 -4392 -4295 -4215 -4298 -4352 -4300 -4328 -4264 -3502 -2364 -3486 -4146 -4300 -4381 -4088 -3361 -3594 -4164 -4233 -4105 -4024 -4056 -4071 -4040 -4006 -4309 -4706
-3987 -3834 -3501 -3530 -3703 -3726 -3748 -3857 -3870 -3952 -3615 -3306 -3424 -3793 -3978 -3916 -3558 -3933 -4084 -4103 -4028 -3979 -4059 -4095 -3910 -3821 -4070 -4085 -4098 -4003 -3996 -4095 -4190 -4057 -4044 -4074 -4151 -4206 -4278 -4293 -3884 -3285 -3742 -4249 -4154 -4270 -4290 -4314 -4430 -4313 -4339 -4286 -4351 -4224 -4049 -4162 -4328 -4208 -4140 -3807 -4190 -4200 -4323 -4423 -4187 -3673 -3847 -4237 -4336 -4493 -4342 -4364 -4349 -4221 -4223 -4482 -4807
-3625 -3673 -3714 -3702 -3751 -3732 -3794 -4013 -4005 -3910 -3349 -2906 -3085 -3717 -4002 -3889 -3436 -3989 -3991 -4032 -4025 -3981 -4076 -4012 -3874 -3989 -4176 -4080 -4146 -4014 -3790 -3927 -4026 -4125 -4187 -4151 -4108 -4282 -4337 -4197 -3134 -1662 -2762 -4265 -4401 -4377 -4465 -4489 -4233 -4221 -4118 -4270 -4380 -4160 -3823 -4123 -4332 -4131 -4154 -4250 -4273 -4317 -4352 -4411 -4541 -4330 -4309 -4419 -4385 -4454 -4497 -4449 -4352 -4274 -4370 -4523 -4792
-3778 -3620 -3647 -3652 -3779 -3911 -3970 -4130 -4183 -4057 -3870 -3837 -4093 -4060 -4032 -3938 -4028 -3746 -3906 -4005 -3309 -3035 -3836 -4087 -3990 -4027 -4187 -4138 -4003 -3906 -3887 -3883 -3957 -3795 -3752 -4191 -4073 -4310 -4395 -4285 -3627 -2723 -3397 -4448 -4551 -4392 -4328 -4420 -4263 -4204 -4022 -4151 -4321 -4136 -3877 -4111 -4174 -4103 -3928 -4108 -4254 -4257 -4269 -4099 -4295 -4279 -4222 -4367 -4380 -4392 -4432 -4422 -4427 -4430 -4408 -4637 -4776
-4101 -3907 -3920 -3957 -3975 -4022 -4143 -4206 -4288 -4215 -4193 -4186 -4146 -4080 -4005 -4158 -4160 -3522 -3642 -3574 -2358 -1854 -3414 -4249 -4284 -4104 -4133 -4091 -3978 -4067 -4111 -4066 -3955 -3366 -3405 -4067 -4173 -4201 -4232 -4294 -4262 -4179 -4264 -4393 -4439 -4388 -4341 -4418 -4376 -4163 -4146 -4297 -4271 -4143 -4116 -4225 -4297 -4116 -3967 -4044 -4147 -3979 -3727 -3919 -4130 -4053 -4032 -4166 -4353 -4379 -4311 -4370 -4427 -4448 -4468 -4679 -4924
-3998 -3989 -4027 -4098 -4084 -4080 -4194 -4122 -4165 -4225 -4123 -3997 -4010 -3996 -4052 -4202 -4123 -3362 -3437 -3727 -3195 -3069 -3697 -4147 -4244 -4168 -4312 -4201 -4102 -4085 -4086 -4220 -4232 -4037 -4064 -4166 -4177 -4187 -4260 -4330 -4232 -4168 -4319 -4353 -4379 -4384 -4328 -4378 -4296 -4100 -4404 -4368 -4208 -4264 -4319 -4203 -4195 -4177 -4108 -4092 -4169 -3817 -3962 -4208 -4169 -4061 -4076 -4086 -4196 -4354 -4299 -4336 -4398 -4458 -4593 -4829 -4974
-3940 -4083 -4059 -4193 -4288 -4127 -4198 -4184 -4146 -4083 -4061 -4086 -3982 -3934 -3994 -4164 -4197 -3810 -3705 -3899 -3756 -3804 -3990 -4175 -4173 -4111 -4263 -4302 -4267 -4084 -4031 -4143 -4032 -3907 -4144 -4155 -4157 -4204 -4209 -4269 -4123 -4104 -4219 -4233 -4284 -4259 -4231 -4244 -4128 -4277 -4308 -4244 -4112 -4149 -4195 -4116 -4138 -4103 -4102 -4033 -4063 -4188 -4247 -4158 -4080 -4119 -4109 -4167 -4308 -4318 -4145 -4220 -4342 -4475 -4584 -4968 -5076
-3964 -4034 -4021 -4060 -4175 -4134 -4145 -4188 -4121 -4034 -3998 -4060 -3922 -3866 -3932 -4118 -4271 -4057 -4188 -4211 -4113 -4096 -4111 -4125 -4230 -4244 -4174 -4296 -4296 -4048 -3959 -4174 -4134 -3807 -3788 -4114 -4178 -4133 -4197 -4248 -4144 -4161 -4239 -4231 -4293 -4217 -4192 -4193 -4352 -4291 -4007 -3955 -4052 -4175 -4144 -4169 -4106 -4111 -3995 -4052 -4070 -4066 -3996 -3992 -4046 -4082 -3983 -4069 -4168 -4185 -4310 -4189 -4300 -4455 -4612 -4866 -5274
