brt_modelling/variables/recorte_present_surface_par_mean_bov2_2_tif_tif.asc
ncols         422
nrows         720
xllcorner     -85.083333333333
yllcorner     -60
cellsize      0.083333333333333
NODATA_value  -9999
[rows 528 to 560 of 720, columns 225 to 299 of 422]
-9999 -9999 -9999 -9999 -9999 -9999 -9999 -9999 -9999 -9999 -9999 -9999 34.462 34.697 34.788 34.788 35.078 35.096 35.264 35.264 35.259 35.299 35.299 35.271 35.411 35.273 35.273 35.369 35.41 35.282 35.282 35.249 35.202 35.202 35.132 35.195 35.135 35.135 35.232 35.012 35.012 35.171 35.061 35.022 35.022 34.924 34.967 34.967 34.675 34.854 34.82 34.82 34.594 34.719 34.719 34.763 34.765 34.765 34.765 34.617 34.569 34.655 34.655 34.663 34.546 34.546 34.425 34.642 34.566 34.566 34.576 34.453 34.453 34.323 34.273
-9999 -9999 -9999 -9999 -9999 -9999 -9999 -9999 -9999 -9999 -9999 -9999 33.967 34.578 34.8 34.8 35.008 35.168 35.168 35.363 35.339 35.155 35.155 35.369 35.172 35.172 35.229 35.139 35.292 35.292 35.235 35.161 35.161 35.06 35.113 35.174 35.174 35.198 35.094 35.094 35.153 35.058 35.032 35.032 34.962 34.915 34.915 34.81 34.933 34.752 34.752 34.859 34.869 34.698 34.698 34.78 34.69 34.69 34.625 34.57 34.723 34.723 34.491 34.464 34.464 34.414 34.557 34.355 34.355 34.334 34.63 34.63 34.481 34.306 34.092
-9999 -9999 -9999 -9999 -9999 -9999 -9999 -9999 -9999 -9999 -9999 -9999 34.332 34.763 34.763 34.889 35.012 35.012 35.152 35.193 35.1 35.1 35.137 35.193 35.193 35.289 35.269 35.126 35.126 35.109 35.059 35.059 35.091 35.194 35.145 35.145 35.137 35.001 35.091 35.091 35.135 34.969 34.969 35.005 34.955 34.893 34.893 34.756 34.842 34.842 34.699 34.691 34.681 34.681 34.837 34.64 34.64 34.622 34.593 34.525 34.525 34.589 34.476 34.476 34.444 34.385 34.477 34.477 34.43 34.537 34.537 34.382 34.325 34.302 34.302
-9999 -9999 -9999 -9999 -9999 -9999 -9999 -9999 -9999 -9999 -9999 -9999 34.709 34.709 34.677 34.767 34.968 34.968 35.05 35.002 35.002 35.115 35.016 35.232 35.232 35.162 35.173 35.173 35.156 35.048 35.037 35.037 35.004 34.97 34.97 35.173 35.058 35.105 35.105 35.073 34.979 34.979 34.927 34.958 34.857 34.857 34.757 34.906 34.906 34.753 34.822 34.607 34.607 34.681 34.755 34.755 34.561 34.589 34.512 34.512 34.505 34.44 34.44 34.421 34.342 34.27 34.27 34.368 34.481 34.481 34.482 34.365 34.408 34.408 34.356
-9999 -9999 -9999 -9999 -9999 -9999 -9999 -9999 -9999 -9999 -9999 -9999 34.297 34.046 34.726 34.795 34.795 34.976 34.966 34.966 35.017 35.122 35.124 35.124 35.261 35.149 35.149 35.21 35.056 35.003 35.003 34.922 34.912 34.912 34.963 35.061 35.006 35.006 34.958 34.847 34.847 34.891 34.794 34.792 34.792 34.718 34.675 34.675 34.766 34.86 34.679 34.679 34.552 34.535 34.535 34.444 34.632 34.483 34.483 34.445 34.315 34.315 34.338 34.321 34.328 34.328 34.339 34.277 34.277 34.343 34.277 34.328 34.328 34.23 34.183
-9999 -9999 -9999 -9999 -9999 -9999 -9999 -9999 -9999 -9999 -9999 34.263 34.263 34.618 34.763 34.763 34.893 34.958 35.049 35.049 35.191 35.21 35.21 35.141 35.305 35.194 35.194 35.055 34.983 34.983 34.945 34.94 34.938 34.938 34.876 35.017 35.017 34.97 34.89 34.816 34.816 34.742 34.756 34.756 34.648 34.568 34.649 34.649 34.763 34.669 34.669 34.436 34.595 34.44 34.44 34.356 34.433 34.433 34.362 34.321 34.306 34.306 34.256 34.203 34.203 34.185 34.215 34.289 34.289 34.274 34.187 34.187 34.238 34.125 34.076
-9999 -9999 -9999 -9999 -9999 -9999 -9999 -9999 -9999 -9999 34.163 34.163 34.483 34.718 34.718 34.921 34.956 34.933 34.933 35.067 35.103 35.103 35.018 35.028 35.116 35.116 35.14 35.045 35.045 34.966 34.793 34.923 34.923 34.766 34.933 34.933 34.862 34.891 34.778 34.778 34.782 34.738 34.738 34.621 34.639 34.717 34.717 34.604 34.603 34.603 34.633 34.54 34.369 34.369 34.386 34.302 34.302 34.279 34.3 34.199 34.199 34.375 34.221 34.221 34.277 34.201 34.118 34.118 34.143 34.097 34.097 34.136 34.062 33.931 33.931
-9999 -9999 -9999 -9999 -9999 -9999 -9999 -9999 34.153 34.289 34.289 34.46 34.677 34.773 34.773 34.888 35.077 35.077 35.047 34.894 34.987 34.987 35.02 35.03 35.03 35.014 35.01 34.9 34.9 34.892 34.891 34.891 34.78 34.755 34.695 34.695 34.885 34.847 34.847 34.704 34.821 34.583 34.583 34.605 34.575 34.575 34.529 34.584 34.584 34.441 34.407 34.534 34.534 34.385 34.436 34.436 34.22 34.202 34.353 34.353 34.272 34.042 34.042 34.16 34.083 34.017 34.017 34.029 34.151 34.151 34.039 33.925 33.887 33.887 33.921
-9999 -9999 -9999 -9999 -9999 -9999 -9999 33.878 34.237 34.292 34.292 34.349 34.624 34.624 34.793 34.818 35.074 35.074 34.902 34.926 34.926 34.996 34.802 34.802 34.926 34.984 34.778 34.778 34.958 34.831 34.831 34.859 34.725 34.698 34.698 34.699 34.799 34.799 34.703 34.721 34.711 34.711 34.615 34.438 34.438 34.541 34.436 34.446 34.446 34.443 34.519 34.519 34.619 34.361 34.291 34.291 34.206 34.27 34.27 34.135 34.296 34.296 34.171 34.08 34.067 34.067 34.234 34.043 34.043 33.932 34.079 33.825 33.825 33.895 33.818
-9999 -9999 -9999 -9999 -9999 -9999 -9999 34.091 34.126 34.126 34.461 34.681 34.681 34.6 34.749 34.912 34.912 34.878 34.869 34.869 34.972 34.79 34.772 34.772 34.826 34.837 34.837 34.797 34.758 34.743 34.743 34.841 34.686 34.686 34.678 34.626 34.552 34.552 34.657 34.707 34.707 34.538 34.591 34.591 34.482 34.4 34.493 34.493 34.354 34.376 34.376 34.399 34.243 34.233 34.233 34.278 34.34 34.34 34.182 34.09 34.102 34.102 34.019 34.059 34.059 34.07 34.016 33.932 33.932 33.923 33.817 33.817 33.922 33.752 33.752
-9999 -9999 -9999 -9999 -9999 -9999 -9999 33.969 33.969 34.397 34.652 34.626 34.626 34.764 34.857 34.857 34.767 34.902 34.856 34.856 34.836 34.826 34.826 34.693 34.745 34.745 34.742 34.673 34.774 34.774 34.75 34.752 34.752 34.69 34.576 34.659 34.659 34.816 34.638 34.638 34.497 34.61 34.555 34.555 34.39 34.423 34.423 34.311 34.365 34.365 34.28 34.323 34.16 34.16 34.172 34.208 34.208 34.12 34.168 34.129 34.129 33.993 34.023 34.023 33.956 33.952 33.977 33.977 33.869 33.71 33.71 33.789 33.692 33.669 33.669
-9999 -9999 31.746 -9999 -9999 -9999 -9999 -9999 -9999 34.491 34.662 34.662 34.718 34.838 34.838 34.813 34.869 34.905 34.905 34.746 34.712 34.712 34.763 34.78 34.717 34.717 34.725 34.73 34.73 34.69 34.709 34.699 34.699 34.559 34.666 34.666 34.636 34.659 34.659 34.641 34.544 34.565 34.565 34.447 34.568 34.568 34.295 34.426 34.329 34.329 34.271 34.199 34.199 34.183 34.032 34.025 34.025 34.028 33.999 33.999 33.99 33.997 33.997 33.863 33.992 33.835 33.835 33.807 33.85 33.85 33.755 33.723 33.629 33.629 33.651
34.065 34.098 34.022 33.969 33.969 34.181 34.153 34.153 34.267 34.553 34.553 34.581 34.701 34.847 34.847 34.75 34.887 34.887 34.834 34.603 34.595 34.595 34.741 34.768 34.768 34.683 34.625 34.625 34.671 34.757 34.703 34.703 34.625 34.595 34.595 34.544 34.513 34.595 34.595 34.566 34.463 34.463 34.387 34.396 34.396 34.365 34.368 34.264 34.264 34.21 34.195 34.195 34.252 34.215 33.894 33.894 33.897 33.95 33.95 33.917 33.978 33.924 33.924 33.856 33.819 33.819 33.842 33.934 33.934 33.869 33.775 33.747 33.747 33.678 33.586
33.945 34.161 34.319 34.319 34.311 34.465 34.465 34.522 34.508 34.471 34.471 34.701 34.701 34.701 34.811 34.726 34.809 34.809 34.661 34.683 34.683 34.572 34.688 34.688 34.672 34.614 34.574 34.574 34.609 34.724 34.724 34.639 34.689 34.58 34.58 34.602 34.62 34.62 34.524 34.559 34.559 34.51 34.285 34.41 34.41 34.188 34.187 34.187 34.207 34.205 34.459 34.459 34.227 34.066 34.066 33.964 33.869 33.869 33.989 33.722 33.797 33.797 33.767 33.864 33.864 33.863 33.711 33.711 33.798 33.664 33.588 33.588 33.641 33.557 33.557
34.195 34.364 34.364 34.503 34.503 34.499 34.499 34.549 34.685 34.685 34.632 34.604 34.604 34.764 34.794 34.688 34.688 34.784 34.473 34.473 34.656 34.542 34.64 34.64 34.736 34.549 34.549 34.589 34.551 34.551 34.628 34.602 34.641 34.641 34.511 34.608 34.608 34.497 34.442 34.43 34.43 34.501 34.415 34.415 34.214 34.15 34.15 34.191 34.161 34.167 34.167 34.149 34.151 34.151 34.136 33.952 33.952 33.847 33.724 33.77 33.77 33.81 33.73 33.73 33.652 33.774 33.729 33.729 33.6 33.478 33.478 33.573 33.527 33.527 33.266
34.457 34.597 34.597 34.585 34.522 34.522 34.712 34.639 34.639 34.691 34.788 34.714 34.714 34.713 34.622 34.622 34.801 34.619 34.577 34.577 34.53 34.571 34.571 34.612 34.564 34.564 34.649 34.431 34.506 34.506 34.503 34.408 34.408 34.606 34.441 34.441 34.516 34.42 34.401 34.401 34.423 34.403 34.403 34.222 34.138 34.088 34.088 33.958 34.072 34.072 34.02 34.122 34.122 34.104 33.796 33.803 33.803 33.815 33.779 33.779 33.705 33.719 33.719 33.642 33.79 33.667 33.667 33.516 33.395 33.395 33.387 33.416 33.243 33.243 33.369
34.483 34.483 34.541 34.489 34.489 34.652 34.719 34.735 34.735 34.668 34.685 34.685 34.665 34.744 34.695 34.695 34.602 34.603 34.603 34.642 34.628 34.628 34.605 34.559 34.573 34.573 34.443 34.549 34.549 34.411 34.422 34.422 34.492 34.457 34.278 34.278 34.322 34.372 34.372 34.369 34.336 34.336 34.34 34.239 34.218 34.218 34.152 33.97 33.97 33.873 33.916 33.899 33.899 33.798 33.851 33.851 33.673 33.769 33.769 33.773 33.696 33.654 33.654 33.82 33.671 33.671 33.446 33.493 33.493 33.496 33.262 33.259 33.259 33.294 33.33
34.456 34.456 34.453 34.49 34.49 34.673 34.593 34.593 34.685 34.59 34.694 34.694 34.714 34.687 34.687 34.711 34.524 34.524 34.486 34.832 34.505 34.505 34.561 34.605 34.605 34.602 34.5 34.5 34.571 34.412 34.433 34.433 34.418 34.314 34.314 34.348 34.259 34.259 34.224 34.285 34.394 34.394 34.196 34.259 34.259 34.159 34.135 34.135 33.999 33.908 34.043 34.043 33.993 33.778 33.778 33.858 33.722 33.722 33.719 33.756 33.767 33.767 33.623 33.603 33.603 33.66 33.458 33.477 33.477 33.395 33.315 33.315 33.181 33.356 33.356
34.401 34.476 34.577 34.577 34.566 34.6 34.553 34.553 34.614 34.615 34.615 34.851 34.505 34.505 34.578 34.546 34.635 34.635 34.531 34.522 34.522 34.57 34.522 34.522 34.455 34.502 34.576 34.576 34.449 34.4 34.4 34.494 34.307 34.307 34.277 34.35 34.184 34.184 34.325 34.177 34.177 34.154 34.056 34.056 34.111 34.087 34.04 34.04 33.999 33.946 33.946 33.84 33.875 33.875 33.837 33.809 33.808 33.808 33.66 33.611 33.611 33.647 33.63 33.63 33.531 33.63 33.474 33.474 33.456 33.225 33.225 33.311 33.092 33.092 33.117
34.547 34.628 34.613 34.613 34.613 34.662 34.662 34.647 34.519 34.519 34.638 34.539 34.616 34.616 34.522 34.521 34.521 34.446 34.547 34.547 34.589 34.563 34.526 34.526 34.466 34.468 34.468 34.488 34.316 34.316 34.356 34.356 34.258 34.258 34.31 34.292 34.292 34.201 34.183 34.183 34.077 34.198 34.101 34.101 34.085 34.047 34.047 33.988 33.974 33.974 33.803 33.91 33.806 33.806 33.801 33.853 33.853 33.73 33.852 33.852 33.602 33.741 33.632 33.632 33.437 33.496 33.496 33.41 33.445 33.445 33.109 33.229 33.177 33.177 33.312
34.427 34.431 34.431 34.453 34.6 34.6 34.502 34.603 34.619 34.619 34.539 34.526 34.526 34.64 34.571 34.571 34.453 34.449 34.57 34.57 34.592 34.461 34.461 34.633 34.426 34.426 34.404 34.408 34.389 34.389 34.473 34.293 34.293 34.342 34.277 34.277 34.213 34.125 34.189 34.189 34.058 34.158 34.158 34.079 34.048 34.048 33.983 34.099 33.811 33.811 33.932 33.906 33.906 33.714 33.712 33.712 33.825 33.628 33.628 33.597 33.656 33.645 33.645 33.706 33.541 33.541 33.567 33.385 33.385 33.437 33.258 33.333 33.333 33.188 33
34.406 34.338 34.338 34.485 34.528 34.528 34.528 34.614 34.614 34.498 34.544 34.544 34.465 34.678 34.574 34.574 34.58 34.508 34.508 34.496 34.649 34.649 34.503 34.565 34.433 34.433 34.385 34.095 34.095 34.364 34.283 34.283 34.229 34.281 34.259 34.259 34.388 34.231 34.231 34.256 34.218 34.218 33.991 34.104 34.147 34.147 33.954 33.977 33.977 33.946 33.949 33.949 33.869 33.834 33.834 33.808 33.765 33.651 33.651 33.515 33.619 33.619 33.635 33.557 33.557 33.63 33.369 33.336 33.336 33.381 33.369 33.369 33.237 33.316 33.316
34.416 34.416 34.548 34.5 34.5 34.516 34.53 34.58 34.58 34.525 34.491 34.491 34.593 34.578 34.578 34.63 34.659 34.659 34.502 34.486 34.571 34.571 34.486 34.549 34.549 34.439 34.318 34.318 34.309 34.285 34.271 34.271 34.201 34.23 34.23 34.191 34.233 34.233 34.339 34.349 34.193 34.193 34.065 34.074 34.074 34.113 33.946 33.946 33.881 34.018 34.018 33.926 33.867 33.92 33.92 33.794 33.817 33.817 33.739 33.661 33.661 33.626 33.537 33.463 33.463 33.437 33.451 33.451 33.301 33.263 33.263 33.283 33.151 33.151 33.3
34.551 34.747 34.555 34.593 34.593 34.577 34.698 34.698 34.702 34.601 34.601 34.74 34.578 34.567 34.567 34.57 34.531 34.531 34.55 34.445 34.445 34.556 34.522 34.522 34.469 34.458 34.416 34.416 34.388 34.281 34.281 34.243 34.238 34.238 34.184 34.28 34.307 34.307 34.218 34.213 34.213 34.155 34.131 34.131 33.98 34.059 34.059 34.071 34.123 33.999 33.999 33.852 33.863 33.863 33.787 33.827 33.827 33.816 33.644 33.644 33.646 33.652 33.629 33.629 33.497 33.404 33.404 33.344 33.327 33.327 33.178 33.165 33.183 33.183 33.148
34.568 34.66 34.73 34.73 34.831 34.628 34.628 34.716 34.667 34.734 34.734 34.724 34.655 34.655 34.616 34.612 34.612 34.579 34.399 34.615 34.615 34.587 34.558 34.558 34.498 34.457 34.457 34.357 34.39 34.39 34.331 34.163 34.257 34.257 34.33 34.328 34.328 34.295 34.222 34.222 34.09 34.049 34.049 34.064 33.918 33.929 33.929 33.974 33.913 33.913 34.053 33.861 33.861 33.893 33.733 33.733 33.843 33.62 33.669 33.669 33.672 33.586 33.586 33.497 33.486 33.486 33.437 33.341 33.157 33.157 33.139 33.074 33.074 33.25 33.004
34.609 34.748 34.659 34.659 34.666 34.815 34.815 34.869 34.622 34.622 34.851 34.788 34.788 34.76 34.708 34.649 34.649 34.583 34.514 34.514 34.563 34.612 34.612 34.607 34.378 34.378 34.568 34.533 34.493 34.493 34.482 34.466 34.466 34.198 34.334 34.334 34.305 34.364 34.364 34.107 34.08 34.096 34.096 33.976 33.929 33.929 33.884 33.944 33.944 34.009 33.89 33.89 33.899 33.944 33.693 33.693 33.676 33.57 33.57 33.593 33.613 33.613 33.498 33.509 33.581 33.581 33.547 33.294 33.294 33.37 33.302 33.302 33.226 33.146 33.146
34.57 34.557 34.557 34.768 34.813 34.813 34.768 34.678 34.711 34.711 34.872 34.725 34.725 34.724 34.652 34.652 34.524 34.645 34.645 34.609 34.707 34.635 34.635 34.627 34.557 34.557 34.521 34.497 34.497 34.552 34.486 34.486 34.409 34.482 34.462 34.462 34.374 34.335 34.335 34.113 34.168 34.168 34.02 34.01 34.01 34.024 33.877 33.917 33.917 33.959 33.869 33.869 33.8 33.909 33.909 33.711 33.689 33.689 33.624 33.694 33.542 33.542 33.522 33.49 33.49 33.397 33.316 33.316 33.417 33.364 33.364 33.126 33.195 33.249 33.249
34.75 34.757 34.757 34.767 34.719 34.719 34.821 34.721 34.721 34.768 34.673 34.673 34.725 34.67 34.67 34.561 34.576 34.504 34.504 34.712 34.703 34.703 34.68 34.585 34.585 34.564 34.598 34.598 34.534 34.476 34.487 34.487 34.473 34.518 34.518 34.548 34.38 34.38 34.358 34.309 34.309 34.306 34.153 33.868 33.868 33.86 33.876 33.876 33.986 33.951 33.951 33.809 33.729 33.729 33.93 33.665 33.551 33.551 33.714 33.677 33.677 33.604 33.501 33.501 33.384 33.277 33.277 33.486 33.167 33.167 33.122 33.195 33.393 33.393 33.196
34.658 34.658 34.671 34.8 34.8 34.62 34.833 34.833 34.706 34.672 34.666 34.666 34.708 34.717 34.717 34.618 34.722 34.722 34.705 34.583 34.583 34.694 34.759 34.593 34.593 34.582 34.552 34.552 34.546 34.589 34.589 34.54 34.595 34.595 34.61 34.44 34.44 34.353 34.383 34.35 34.35 34.136 34.126 34.126 34.036 34.134 34.134 34.048 33.974 33.974 33.914 33.829 33.672 33.672 33.891 33.651 33.651 33.654 33.62 33.62 33.533 33.636 33.636 33.435 33.359 33.359 33.359 33.3 33.281 33.281 33.261 33.27 33.27 33.265 33.016
34.641 34.674 34.746 34.779 34.779 34.701 34.798 34.798 35.011 34.833 34.833 34.875 34.692 34.692 34.681 34.763 34.774 34.774 34.598 34.657 34.657 34.591 34.686 34.686 34.696 34.569 34.569 34.568 34.759 34.759 34.549 34.634 34.705 34.705 34.706 34.479 34.479 34.481 34.462 34.462 34.243 34.256 34.256 34.116 34.106 34.106 34.138 34.086 34.05 34.05 33.94 33.768 33.768 33.802 33.774 33.774 33.798 33.756 33.756 33.752 33.882 33.8 33.8 33.715 33.623 33.623 33.596 33.674 33.674 33.519 33.327 33.327 33.169 33.363 33.363
34.816 34.762 34.689 34.689 34.907 34.982 34.982 35.084 34.909 34.987 34.987 35.02 34.852 34.852 34.922 34.771 34.771 34.739 34.704 34.704 34.663 34.627 34.627 34.668 34.613 34.757 34.757 34.678 34.733 34.733 34.693 34.742 34.742 34.854 34.794 34.794 34.76 34.622 34.622 34.339 34.482 34.239 34.239 34.219 34.192 34.192 34.197 34.17 34.17 34.131 34.051 34.051 33.863 33.989 33.989 33.869 34.027 34.012 34.012 33.987 33.882 33.882 33.726 33.736 33.736 33.678 33.887 33.887 33.607 33.529 33.529 33.502 33.724 33.48 33.48
34.964 35.057 35.086 35.086 34.961 35.144 35.144 35.066 35.139 35.139 35.13 35.219 35.219 35.163 35.06 35.06 35.15 34.833 34.983 34.983 34.822 34.852 34.852 34.926 34.825 34.825 34.758 34.831 34.831 34.941 34.998 34.998 34.882 34.854 34.867 34.867 34.703 34.635 34.635 34.705 34.433 34.433 34.464 34.496 34.496 34.478 34.444 34.444 34.392 34.302 34.24 34.24 34.087 34.338 34.338 34.269 34.199 34.199 34.104 34.202 34.202 34.033 33.935 33.935 34.016 33.983 33.891 33.891 33.809 33.7 33.7 33.603 33.671 33.671 33.578
35.062 35.062 35.062 35.081 35.006 35.006 35.125 35.062 35.211 35.211 35.191 35.123 35.123 35.205 35.132 35.132 35.164 35.032 35.032 34.979 34.889 34.889 35.031 34.991 34.991 34.965 35.012 35.009 35.009 35.045 34.965 34.965 34.991 35.11 35.11 34.79 34.834 34.834 34.838 34.628 34.628 34.547 34.538 34.459 34.459 34.567 34.522 34.522 34.411 34.536 34.536 34.584 34.396 34.396 34.288 34.405 34.405 34.223 34.265 34.265 34.312 34.153 33.978 33.978 34.137 34.042 34.042 34.019 33.981 33.981 33.916 33.818 33.818 33.79 33.773
