brt_modelling/variables/recorte_present_surface_par_mean_bov2_2_tif_tif.asc
ncols         422
nrows         720
xllcorner     -85.083333333333
yllcorner     -60
cellsize      0.083333333333333
NODATA_value  -9999
[rows 495 to 527 of 720, columns 300 to 374 of 422]
36.137 36.077 35.972 35.972 35.971 36.034 35.961 35.961 35.944 36.002 35.895 35.895 35.846 35.789 35.798 35.798 35.568 35.694 35.638 35.638 35.637 35.835 35.648 35.648 35.79 35.631 35.748 35.748 35.749 35.757 35.706 35.706 35.68 35.769 35.797 35.797 35.731 35.731 35.684 35.684 35.764 35.504 35.442 35.442 35.528 35.473 35.473 35.473 35.465 35.068 35.088 35.088 34.983 34.932 34.827 34.827 34.723 34.668 34.727 34.727 34.776 34.621 34.553 34.553 34.361 34.312 34.14 34.14 34.017 33.885 33.92 33.92 33.799 33.906 33.916
35.972 36.027 36.027 36.04 35.872 35.93 35.93 35.86 35.843 35.764 35.764 35.74 35.717 35.751 35.751 35.841 35.609 35.669 35.669 35.654 35.514 35.617 35.617 35.668 35.636 35.712 35.712 35.69 35.627 35.663 35.663 35.72 35.527 35.746 35.746 35.669 35.694 35.635 35.635 35.622 35.521 35.507 35.507 35.376 35.318 35.189 35.189 35.278 35.093 35.309 35.309 34.903 34.969 34.819 34.819 34.872 34.782 34.638 34.638 34.581 34.489 34.438 34.438 34.356 34.247 34.128 34.128 33.984 33.962 33.865 33.865 33.9 33.691 33.712 33.712
35.817 35.817 35.922 35.851 35.935 35.935 35.798 35.709 35.804 35.804 35.768 35.723 35.743 35.743 35.732 35.619 35.639 35.639 35.691 35.472 35.603 35.603 35.522 35.528 35.533 35.533 35.641 35.751 35.621 35.621 35.546 35.689 35.675 35.675 35.669 35.544 35.65 35.65 35.5 35.455 35.29 35.29 35.312 35.225 35.279 35.279 35.103 35.008 34.983 34.983 35.066 34.892 34.872 34.872 34.771 34.877 34.877 34.675 34.586 34.491 34.491 34.378 34.246 34.155 34.155 34.173 34.003 33.893 33.893 33.816 33.877 33.77 33.77 33.693 33.837
35.775 35.854 35.723 35.723 35.796 35.776 35.718 35.718 35.852 35.673 35.727 35.727 35.688 35.744 35.549 35.549 35.57 35.612 35.695 35.695 35.598 35.566 35.436 35.436 35.62 35.607 35.681 35.681 35.621 35.598 35.623 35.623 35.637 35.495 35.547 35.547 35.671 35.418 35.464 35.464 35.27 35.29 35.232 35.232 35.206 34.968 34.897 34.897 34.9 34.913 34.774 34.774 34.808 34.718 34.771 34.771 34.698 34.589 34.529 34.529 34.33 34.217 34.197 34.197 34.159 34.032 34.069 34.069 33.71 33.916 33.765 33.765 33.594 33.632 33.432
35.767 35.679 35.679 35.764 35.793 35.744 35.744 35.67 35.824 35.688 35.688 35.782 35.569 35.643 35.643 35.661 35.604 35.585 35.585 35.571 35.425 35.658 35.658 35.572 35.533 35.539 35.539 35.524 35.533 35.492 35.492 35.558 35.654 35.523 35.523 35.598 35.583 35.442 35.442 35.435 35.286 35.12 35.12 35.139 34.986 35.072 35.072 34.904 34.92 34.754 34.754 34.735 34.653 34.622 34.622 34.53 34.434 34.536 34.536 34.315 34.135 34.119 34.119 33.986 33.993 33.887 33.887 33.821 33.603 33.603 33.683 33.527 33.53 33.53 33.527
35.665 35.665 35.698 35.764 35.694 35.694 35.542 35.609 35.569 35.569 35.646 35.65 35.525 35.525 35.463 35.549 35.567 35.567 35.535 35.615 35.472 35.472 35.446 35.506 35.498 35.498 35.6 35.603 35.534 35.534 35.442 35.385 35.45 35.45 35.456 35.482 35.482 35.42 35.349 35.133 35.133 35.17 35.086 35.075 35.075 34.97 34.911 34.749 34.749 34.706 34.877 34.529 34.529 34.597 34.384 34.393 34.393 34.481 34.42 34.195 34.195 34.041 33.966 33.947 33.947 33.83 33.666 33.585 33.585 33.563 33.601 33.352 33.352 33.402 33.233
35.638 35.745 35.689 35.646 35.646 35.543 35.54 35.544 35.544 35.545 35.589 35.687 35.687 35.635 35.606 35.606 35.548 35.52 35.595 35.595 35.487 35.515 35.433 35.433 35.516 35.439 35.49 35.49 35.324 35.3 35.319 35.319 35.324 35.417 35.354 35.354 35.391 35.209 35.232 35.232 35.217 35.013 34.955 34.955 34.919 34.912 34.778 34.778 34.741 34.668 34.697 34.697 34.48 34.403 34.525 34.525 34.395 34.377 34.212 34.212 34.145 33.947 33.81 33.81 33.84 33.734 33.551 33.551 33.537 33.565 33.553 33.553 33.174 33.185 33.185
35.717 35.56 35.599 35.599 35.779 35.552 35.552 35.517 35.46 35.58 35.58 35.6 35.403 35.524 35.524 35.545 35.528 35.508 35.508 35.408 35.397 35.446 35.446 35.382 35.485 35.454 35.454 35.294 35.238 35.396 35.396 35.342 35.251 35.344 35.344 35.409 35.261 35.009 35.009 34.923 35.023 34.963 34.963 34.927 34.774 34.766 34.766 34.581 34.69 34.69 34.558 34.518 34.44 34.44 34.285 34.305 34.26 34.26 34.234 33.992 34.013 34.013 33.923 33.729 33.832 33.832 33.526 33.405 33.507 33.507 33.315 33.282 33.175 33.175 33.139
35.647 35.647 35.623 35.572 35.628 35.628 35.545 35.499 35.489 35.489 35.601 35.573 35.529 35.529 35.466 35.498 35.509 35.509 35.488 35.506 35.288 35.288 35.41 35.385 35.457 35.457 35.455 35.372 35.32 35.32 35.317 35.171 35.125 35.125 35.245 35.267 35.267 35.178 35.136 34.8 34.8 34.942 34.941 34.73 34.73 34.694 34.588 34.641 34.641 34.572 34.557 34.628 34.628 34.429 34.298 34.317 34.317 34.312 34.068 33.925 33.925 33.957 33.814 33.656 33.656 33.735 33.485 33.414 33.414 33.414 33.169 33.128 33.128 33.052 33.001
35.581 35.48 35.512 35.511 35.511 35.376 35.393 35.58 35.58 35.452 35.564 35.362 35.362 35.47 35.474 35.477 35.477 35.454 35.335 35.466 35.466 35.418 35.458 35.458 35.37 35.432 35.396 35.396 35.366 35.231 35.201 35.201 35.238 35.209 35.144 35.144 35.07 35.143 35.047 35.047 34.764 34.836 34.707 34.707 34.601 34.532 34.516 34.516 34.445 34.446 34.475 34.475 34.539 34.362 34.346 34.346 34.202 34.205 34.205 34.135 33.826 33.85 33.85 33.615 33.59 33.496 33.496 33.363 33.37 33.309 33.309 33.144 33.122 32.91 32.91
35.593 35.526 35.38 35.38 35.441 35.478 35.382 35.382 35.5 35.459 35.518 35.518 35.422 35.368 35.405 35.405 35.524 35.304 35.304 35.438 35.305 35.371 35.371 35.521 35.374 35.473 35.473 35.338 35.334 35.295 35.295 35.157 35.058 35.016 35.016 34.916 35.145 34.959 34.959 34.896 34.801 34.733 34.733 34.542 34.452 34.452 34.35 34.487 34.43 34.43 34.43 34.324 34.401 34.401 34.144 34.163 34.212 34.212 34.032 34 33.711 33.711 33.723 33.606 33.295 33.295 33.603 33.349 33.412 33.412 33.126 32.971 33.111 33.111 32.766
35.592 35.403 35.403 35.361 35.353 35.291 35.291 35.308 35.33 35.33 35.44 35.354 35.355 35.355 35.435 35.308 35.396 35.396 35.393 35.426 35.329 35.329 35.35 35.36 35.277 35.277 35.405 35.226 35.145 35.145 35.158 34.978 35.106 35.106 34.914 34.929 34.929 34.903 34.962 34.789 34.789 34.622 34.512 34.372 34.372 34.352 34.434 34.321 34.321 34.267 34.309 34.186 34.186 34.267 34.046 34.021 34.021 34.06 33.798 33.79 33.79 33.591 33.435 33.435 33.406 33.371 33.347 33.347 33.223 33.207 32.913 32.913 32.874 32.833 32.792
35.313 35.313 35.33 35.381 35.381 35.254 35.314 35.409 35.409 35.452 35.322 35.317 35.317 35.311 35.432 35.35 35.35 35.313 35.221 35.264 35.264 35.309 35.305 35.334 35.334 35.224 35.156 35.156 35.283 35.277 35.023 35.023 34.91 34.993 34.94 34.94 34.965 34.787 34.776 34.776 34.604 34.596 34.359 34.359 34.341 34.222 34.301 34.301 34.234 34.31 34.364 34.364 34.203 34.112 34.112 34.052 33.959 33.873 33.873 33.819 33.632 33.37 33.37 33.366 33.293 33.209 33.209 33.196 32.996 32.749 32.749 32.86 32.665 32.738 32.738
35.362 35.334 35.305 35.305 35.169 35.23 35.396 35.396 35.371 35.175 35.273 35.273 35.181 35.268 35.216 35.216 35.24 35.126 35.249 35.249 35.339 35.128 35.128 35.281 35.067 35.044 35.044 35.16 35.247 34.937 34.937 34.861 34.908 34.958 34.958 34.792 34.698 34.665 34.665 34.608 34.546 34.329 34.329 34.349 34.258 34.258 34.092 34.314 34.237 34.237 34.116 34.132 34.026 34.026 33.979 33.921 33.88 33.88 33.646 33.509 33.306 33.306 33.515 33.4 33.153 33.153 33.077 33.032 33.032 32.766 32.731 32.735 32.735 32.564 32.473
35.275 35.142 35.142 35.162 35.24 35.251 35.251 35.069 35.255 35.258 35.258 35.191 35.14 35.066 35.066 35.179 35.124 35.124 35.227 35.133 35.251 35.251 35.195 35.116 35.219 35.219 35.112 35.043 35.103 35.103 34.92 34.737 34.518 34.518 34.612 34.843 34.843 34.67 34.399 34.449 34.449 34.313 34.264 34.234 34.234 34.33 34 34.078 34.078 34.009 33.92 33.975 33.975 33.995 33.967 33.913 33.913 33.526 33.442 33.442 33.357 33.326 33.285 33.285 33.169 33.107 32.936 32.936 32.724 32.774 32.644 32.644 32.641 32.537 32.284
35.177 35.177 35.259 35.122 35.151 35.151 35.202 35.063 35.134 35.134 35.254 35.148 35.148 35.179 35.079 35.007 35.007 35.034 35.136 35.153 35.153 35.117 35.164 35.026 35.026 35.153 35.049 35.004 35.004 34.825 34.635 34.635 34.495 34.557 34.613 34.613 34.523 34.536 34.285 34.285 34.403 34.311 34.168 34.168 34.112 34.047 34.041 34.041 34.001 33.906 33.906 33.721 33.779 33.77 33.77 33.837 33.701 33.469 33.469 33.356 33.344 33.217 33.217 33.182 32.989 33.001 33.001 32.738 32.499 32.499 32.689 32.552 32.491 32.491 32.42
35.207 35.127 35.137 35.188 35.188 35.17 35.12 35.162 35.162 35.084 35.144 35.144 35.224 34.981 35.063 35.063 34.974 35.101 35.061 35.061 34.985 35.188 35.164 35.164 35.091 34.977 34.977 34.952 34.872 34.673 34.673 34.663 34.471 34.48 34.48 34.493 34.389 34.287 34.287 34.188 34.144 34.11 34.11 34.088 34.116 34.116 34.033 33.881 33.808 33.808 33.775 33.685 33.834 33.834 33.674 33.687 33.556 33.556 33.216 33.312 33.109 33.109 33.108 33.079 33.079 32.96 32.825 32.745 32.745 32.381 32.432 32.349 32.349 32.371 32.448
35.132 35.2 35.263 35.263 35.238 35.155 35.155 35.069 35.057 35.086 35.086 35.119 35.276 35.002 35.002 35.062 34.884 35.041 35.041 34.963 34.881 34.881 35.059 34.995 35.084 35.084 34.9 34.886 34.78 34.78 34.618 34.522 34.422 34.422 34.372 34.386 34.262 34.262 34.139 34.26 34.26 34.038 33.958 33.997 33.997 34.101 34.014 33.814 33.814 33.812 33.736 33.747 33.747 33.671 33.602 33.602 33.656 33.498 33.275 33.275 33.298 33.005 33.066 33.066 33.056 32.786 32.88 32.88 32.638 32.413 32.312 32.312 32.233 32.267 32.267
35.066 35.144 35.144 35.095 35.217 35.217 35.152 34.926 35.024 35.024 35.032 35.108 35.008 35.008 35.14 34.839 34.995 34.995 34.895 35.007 35.007 34.865 34.905 34.795 34.795 34.903 34.717 34.602 34.602 34.46 34.52 34.637 34.637 34.361 34.263 34.263 34.279 34.194 34.185 34.185 34.011 33.861 33.948 33.948 33.86 33.842 33.922 33.922 33.955 33.812 33.812 33.603 33.586 33.428 33.428 33.582 33.52 33.445 33.445 33.119 33.227 33.155 33.155 32.901 32.773 32.773 32.7 32.681 32.328 32.328 32.317 32.295 32.236 32.236 32.257
35.044 35.001 35.146 35.055 35.055 35.062 35.073 35.022 35.022 34.911 34.781 35.033 35.033 34.995 35.003 35.003 34.973 34.836 34.847 34.847 34.821 34.781 34.883 34.883 34.664 34.682 34.54 34.54 34.474 34.522 34.522 34.306 34.17 34.317 34.317 34.333 34.122 33.81 33.81 33.916 33.962 33.813 33.813 33.876 33.846 33.846 33.796 33.728 33.794 33.794 33.648 33.601 33.526 33.526 33.501 33.43 33.235 33.235 33.086 33.162 33.162 33.237 32.869 32.765 32.765 32.573 32.533 32.419 32.419 32.406 32.206 32.179 32.179 32.105 32.094
35.109 35.019 34.995 34.995 34.991 35.098 34.976 34.976 34.881 34.858 34.861 34.861 34.854 34.836 34.836 34.923 34.957 34.848 34.848 34.759 34.806 34.676 34.676 34.765 34.65 34.65 34.584 34.468 34.313 34.313 34.265 34.283 34.143 34.143 34.11 34.041 34.005 34.005 33.813 33.909 33.909 33.775 33.704 33.7 33.7 33.676 33.613 33.505 33.505 33.531 33.532 33.528 33.528 33.455 33.34 33.34 33.347 33.214 33.083 33.083 32.961 32.818 32.73 32.73 32.58 32.482 32.469 32.469 32.325 32.248 32.248 32.105 32.016 31.882 31.882
35.132 34.943 34.943 35.003 35.019 34.973 34.973 34.799 34.873 34.873 34.873 34.702 34.805 34.805 34.832 34.916 34.783 34.783 34.581 34.751 34.695 34.695 34.781 34.586 34.586 34.462 34.327 34.32 34.32 34.275 34.301 34.139 34.139 34.059 34.002 34.002 33.967 33.809 33.818 33.818 33.748 33.716 33.581 33.581 33.542 33.524 33.46 33.46 33.496 33.221 33.221 33.476 33.22 33.12 33.12 33.108 33.077 33.073 33.073 32.773 32.687 32.687 32.662 32.695 32.39 32.39 32.411 32.285 32.104 32.104 32.068 31.99 31.843 31.843 31.868
34.897 34.897 34.898 35.026 34.91 34.91 34.917 34.696 34.696 34.801 34.779 34.802 34.802 34.798 34.803 34.716 34.716 34.819 34.66 34.647 34.647 34.584 34.478 34.478 34.48 34.448 34.193 34.193 34.277 34.1 34.091 34.091 34.024 33.985 33.985 33.921 33.832 33.817 33.817 33.679 33.686 33.664 33.664 33.637 33.503 33.503 33.319 33.316 33.429 33.429 33.313 33.2 33.014 33.014 33.003 33.015 32.982 32.982 32.764 32.878 32.878 32.69 32.62 32.36 32.36 32.284 32.273 32.141 32.141 31.835 31.933 31.933 31.928 31.837 31.694
34.878 35.013 34.908 34.737 34.737 34.733 34.85 34.85 34.763 34.739 34.721 34.721 34.717 34.887 34.972 34.972 34.81 34.763 34.763 34.582 34.604 34.585 34.585 34.397 34.279 34.083 34.083 34.284 34.192 34.192 34.126 33.981 33.865 33.865 33.912 33.943 33.793 33.793 33.769 33.719 33.674 33.674 33.58 33.354 33.354 33.447 33.344 33.202 33.202 33.146 33.094 33.017 33.017 33.17 32.928 32.928 32.784 32.657 32.821 32.821 32.707 32.417 32.404 32.404 32.399 32.19 32.19 32.033 32.011 31.854 31.854 31.894 31.894 31.73 31.73
34.931 34.864 34.904 34.904 34.682 34.855 34.855 34.914 34.649 34.774 34.774 34.59 34.691 34.711 34.711 34.787 34.659 34.659 34.688 34.67 34.584 34.584 34.52 34.409 34.145 34.145 34 34.174 34.174 34.11 34.013 33.88 33.88 33.799 33.816 33.78 33.78 33.607 33.608 33.608 33.602 33.681 33.407 33.407 33.393 33.346 33.298 33.298 33.17 33.066 33.066 33.023 33.061 33.139 33.139 32.931 32.866 32.697 32.697 32.723 32.609 32.609 32.472 32.297 32.289 32.289 32.068 31.964 31.914 31.914 31.865 31.885 31.885 31.849 31.779
34.852 34.771 34.771 34.714 34.912 34.912 34.753 34.805 34.851 34.851 34.819 34.664 34.703 34.703 34.603 34.66 34.66 34.585 34.648 34.515 34.515 34.272 34.341 34.313 34.313 34.093 33.984 33.984 33.981 33.784 33.996 33.996 33.818 33.735 33.534 33.534 33.595 33.729 33.729 33.651 33.489 33.371 33.371 33.26 33.142 33.142 33.193 33.134 33.108 33.108 33.036 32.938 33.066 33.066 33.096 32.763 32.763 32.66 32.616 32.67 32.67 32.459 32.19 32.023 32.023 32.067 32.009 32.009 32.098 31.945 31.842 31.842 31.882 31.673 31.57
34.792 34.792 34.843 34.692 34.692 34.845 34.725 34.765 34.765 34.714 34.686 34.686 34.641 34.536 34.602 34.602 34.414 34.381 34.403 34.403 34.372 34.243 34.243 34.149 34.024 33.919 33.919 33.871 33.858 33.764 33.764 33.58 33.679 33.679 33.54 33.596 33.426 33.426 33.511 33.477 33.25 33.25 33.172 33.103 33.103 33.123 33.062 32.922 32.922 32.92 32.948 33.011 33.011 32.943 32.945 32.945 32.72 32.626 32.497 32.497 32.386 32.119 31.993 31.993 31.944 32.026 32.026 31.84 31.874 31.947 31.947 31.739 31.777 31.777 31.554
34.731 34.759 34.708 34.708 34.784 34.621 34.656 34.656 34.668 34.626 34.626 34.642 34.542 34.464 34.464 34.375 34.182 34.351 34.351 34.245 34.162 34.162 34.108 34.012 33.943 33.943 33.79 33.711 33.683 33.683 33.617 33.556 33.556 33.558 33.278 33.09 33.09 33.32 33.285 33.285 33.252 33.128 33.149 33.149 32.983 33.082 32.882 32.882 32.835 32.82 32.82 32.912 32.818 32.919 32.919 32.687 32.658 32.48 32.48 32.27 32.152 32.152 32.006 31.881 31.88 31.88 31.781 31.733 31.783 31.783 31.671 31.641 31.641 31.568 31.485
34.649 34.759 34.759 34.531 34.632 34.688 34.688 34.591 34.549 34.549 34.491 34.423 34.422 34.422 34.333 34.279 34.18 34.18 34.135 34.076 34.076 34.098 34.06 33.981 33.981 33.819 33.679 33.679 33.655 33.614 33.38 33.38 33.293 33.196 33.241 33.241 33.2 33.16 33.16 33.082 33.134 33.053 33.053 32.928 32.998 32.798 32.798 32.895 32.79 32.79 32.777 32.612 32.806 32.806 32.672 32.534 32.534 32.318 32.263 32.281 32.281 32.07 32.077 31.93 31.93 31.837 31.799 31.799 31.735 31.679 31.629 31.629 31.556 31.531 31.332
34.558 34.558 34.523 34.59 34.518 34.518 34.434 34.394 34.394 34.454 34.357 34.346 34.346 34.318 34.143 34.072 34.072 33.993 34.037 34.037 34.054 33.879 33.835 33.835 33.854 33.67 33.67 33.567 33.504 33.496 33.496 33.335 33.421 33.214 33.214 33.004 33.021 33.021 33.125 33.052 32.921 32.921 32.833 32.789 32.789 32.929 32.762 32.901 32.901 32.719 32.721 32.547 32.547 32.767 32.56 32.56 32.486 32.352 32.055 32.055 32.02 31.995 31.995 31.872 31.834 31.839 31.839 31.758 31.688 31.571 31.571 31.466 31.424 31.424 31.378
34.49 34.489 34.469 34.567 34.567 34.342 34.394 34.394 34.33 34.336 34.356 34.356 34.373 34.215 34.12 34.12 34.063 34.056 34.056 34.05 33.996 34.057 34.057 33.916 33.823 33.823 33.756 33.527 33.489 33.489 33.419 33.435 33.435 33.36 33.058 33.129 33.129 33.036 33.052 32.955 32.955 32.854 32.888 32.888 32.705 32.76 32.811 32.811 32.807 32.777 32.777 32.591 32.5 32.534 32.534 32.538 32.256 32.262 32.262 32.091 32.065 32.065 31.884 31.911 31.702 31.702 31.736 31.782 31.782 31.778 31.566 31.525 31.525 31.463 31.509
34.466 34.321 34.359 34.359 34.266 34.323 34.323 34.236 34.239 34.207 34.207 34.313 34.251 34.251 34.12 34.02 34.091 34.091 33.833 33.949 33.967 33.967 33.928 33.735 33.735 33.707 33.711 33.414 33.414 33.433 33.273 33.273 33.088 33.112 33.055 33.055 33.115 33.025 32.815 32.815 32.771 32.76 32.76 32.644 32.804 32.764 32.764 32.688 32.597 32.597 32.608 32.467 32.536 32.536 32.341 32.301 32.301 32.289 32.317 32.111 32.111 32.063 31.807 31.744 31.744 31.656 31.616 31.616 31.51 31.714 31.627 31.627 31.52 31.442 31.442
34.386 34.292 34.292 34.312 34.072 34.072 34.022 34.242 34.311 34.311 34.189 33.978 33.978 34.114 34.011 33.897 33.897 33.79 33.836 33.832 33.832 33.774 33.966 33.966 33.796 33.652 33.563 33.563 33.373 33.43 33.43 33.216 32.939 32.901 32.901 32.776 32.908 32.908 32.93 32.683 32.658 32.658 32.729 32.674 32.681 32.681 32.587 32.624 32.624 32.633 32.565 32.372 32.372 32.278 32.222 32.222 32.138 32.299 31.968 31.968 32.025 32.022 32.022 31.886 31.606 31.586 31.586 31.54 31.543 31.646 31.646 31.538 31.466 31.466 31.392
