brt_modelling/variables/recorte_bo_sstmean_lonlat_tif_tif.asc
ncols         422
nrows         720
xllcorner     -85.083333333333
yllcorner     -60
cellsize      0.083333333333333
NODATA_value  -9999
[rows 66 to 98 of 720, columns 0 to 74 of 422]
-9999 22.731 22.681 22.638 22.588 22.618 22.523 22.488 22.413 22.336 22.238 22.185 22.106 22.03 21.985 21.858 21.871 21.761 21.718 21.633 21.604 21.549 21.404 21.345 21.326 21.238 21.166 21.008 20.951 20.886 20.867 20.729 20.652 20.52 20.411 20.421 20.297 20.243 20.194 20.086 19.952 19.827 19.754 19.644 19.572 19.517 19.486 19.496 19.485 20.03 -9999 -9999 -9999 -9999 -9999 -9999 -9999 -9999 -9999 -9999 -9999 -9999 -9999 -9999 -9999 -9999 -9999 -9999 -9999 -9999 -9999 -9999 -9999 -9999 -9999
-9999 22.783 22.747 22.672 22.638 22.606 22.531 22.501 22.443 22.337 22.261 22.189 22.131 22.088 22.01 21.973 21.897 21.765 21.724 21.681 21.595 21.535 21.435 21.352 21.346 21.275 21.233 21.095 20.998 20.905 20.9 20.822 20.696 20.592 20.5 20.394 20.364 20.277 20.225 20.107 19.968 19.879 19.741 19.603 19.476 19.402 19.377 19.416 19.39 19.47 20.206 -9999 -9999 -9999 -9999 -9999 -9999 -9999 -9999 -9999 -9999 -9999 -9999 -9999 -9999 -9999 -9999 -9999 -9999 -9999 -9999 -9999 -9999 -9999 -9999
-9999 22.783 22.724 22.726 22.656 22.636 22.573 22.51 22.433 22.387 22.307 22.218 22.154 22.104 22.028 21.986 21.883 21.806 21.735 21.654 21.591 21.564 21.521 21.389 21.347 21.262 21.218 21.151 21.005 20.904 20.888 20.76 20.739 20.643 20.52 20.47 20.366 20.306 20.266 20.133 20.029 19.899 19.727 19.558 19.343 19.216 19.204 19.332 19.358 19.292 20.624 -9999 -9999 -9999 -9999 -9999 -9999 -9999 -9999 -9999 -9999 -9999 -9999 -9999 -9999 -9999 -9999 -9999 -9999 -9999 -9999 -9999 -9999 -9999 -9999
-9999 22.802 22.742 22.714 22.718 22.632 22.572 22.541 22.433 22.418 22.337 22.258 22.17 22.145 22.036 21.965 21.937 21.892 21.797 21.711 21.642 21.551 21.55 21.364 21.33 21.267 21.218 21.079 21.003 20.964 20.828 20.807 20.717 20.607 20.589 20.505 20.412 20.369 20.278 20.216 20.068 19.915 19.744 19.617 19.335 19.102 19.016 19.442 19.632 19.361 20.157 -9999 -9999 -9999 -9999 -9999 -9999 -9999 -9999 -9999 -9999 -9999 -9999 -9999 -9999 -9999 -9999 -9999 -9999 -9999 -9999 -9999 -9999 -9999 -9999
-9999 22.802 22.797 22.8 22.762 22.689 22.611 22.537 22.46 22.442 22.31 22.274 22.207 22.152 22.107 22.013 21.933 21.935 21.858 21.749 21.694 21.614 21.574 21.45 21.381 21.301 21.262 21.136 21.012 20.96 20.895 20.838 20.761 20.679 20.584 20.531 20.455 20.415 20.31 20.238 20.076 19.927 19.733 19.591 19.323 19.03 18.862 -9999 -9999 -9999 -9999 -9999 -9999 -9999 -9999 -9999 -9999 -9999 -9999 -9999 -9999 -9999 -9999 -9999 -9999 -9999 -9999 -9999 -9999 -9999 -9999 -9999 -9999 -9999 -9999
-9999 22.883 22.816 22.769 22.734 22.708 22.652 22.586 22.488 22.442 22.368 22.328 22.23 22.183 22.114 22.067 21.991 21.963 21.907 21.83 21.694 21.654 21.597 21.477 21.415 21.357 21.286 21.23 21.094 20.967 20.934 20.835 20.792 20.678 20.608 20.589 20.494 20.44 20.336 20.297 20.122 19.966 19.823 19.677 19.457 19.148 18.848 -9999 -9999 -9999 -9999 -9999 -9999 -9999 -9999 -9999 -9999 -9999 -9999 -9999 -9999 -9999 -9999 -9999 -9999 -9999 -9999 -9999 -9999 -9999 -9999 -9999 -9999 -9999 -9999
-9999 22.906 22.877 22.78 22.765 22.76 22.674 22.58 22.53 22.502 22.444 22.312 22.282 22.216 22.105 22.068 22.021 21.986 21.899 21.817 21.724 21.661 21.628 21.482 21.457 21.384 21.271 21.213 21.118 21.013 20.93 20.911 20.819 20.749 20.686 20.634 20.539 20.447 20.359 20.304 20.172 20.052 19.921 19.809 19.637 19.39 19.201 19.323 -9999 -9999 -9999 -9999 -9999 -9999 -9999 -9999 -9999 -9999 -9999 -9999 -9999 -9999 -9999 -9999 -9999 -9999 -9999 -9999 -9999 -9999 -9999 -9999 -9999 -9999 -9999
-9999 22.952 22.909 22.798 22.805 22.801 22.725 22.658 22.562 22.496 22.43 22.341 22.324 22.222 22.206 22.14 22.062 22.003 21.906 21.804 21.819 21.701 21.594 21.528 21.505 21.432 21.406 21.267 21.155 21.021 20.982 20.967 20.91 20.789 20.741 20.688 20.588 20.465 20.409 20.361 20.174 20.057 19.974 19.856 19.706 19.528 19.593 19.987 20.148 -9999 -9999 -9999 -9999 -9999 -9999 -9999 -9999 -9999 -9999 -9999 -9999 -9999 -9999 -9999 -9999 -9999 -9999 -9999 -9999 -9999 -9999 -9999 -9999 -9999 -9999
-9999 22.961 22.871 22.82 22.79 22.81 22.743 22.667 22.619 22.535 22.462 22.342 22.326 22.276 22.247 22.174 22.133 22.026 21.949 21.831 21.852 21.76 21.615 21.517 21.48 21.421 21.402 21.368 21.227 21.077 21.014 21.005 20.992 20.875 20.828 20.71 20.612 20.538 20.443 20.38 20.22 20.093 20.045 19.946 19.842 19.623 19.64 19.673 19.736 19.892 19.316 -9999 -9999 -9999 -9999 -9999 -9999 -9999 -9999 -9999 -9999 -9999 -9999 -9999 -9999 -9999 -9999 -9999 -9999 -9999 -9999 -9999 -9999 -9999 -9999
-9999 23.018 22.926 22.879 22.81 22.798 22.779 22.666 22.632 22.573 22.495 22.387 22.3 22.274 22.238 22.171 22.02 22.009 21.972 21.872 21.843 21.798 21.724 21.591 21.486 21.436 21.425 21.379 21.34 21.218 21.157 21.075 20.99 20.946 20.894 20.776 20.684 20.617 20.506 20.435 20.29 20.128 20.113 20.061 19.892 19.833 19.704 19.658 19.572 19.554 19.619 19.533 18.476 -9999 -9999 -9999 -9999 -9999 -9999 -9999 -9999 -9999 -9999 -9999 -9999 -9999 -9999 -9999 -9999 -9999 -9999 -9999 -9999 -9999 -9999
-9999 23.014 22.935 22.854 22.866 22.83 22.758 22.727 22.695 22.603 22.519 22.457 22.368 22.348 22.315 22.123 22.024 21.997 21.922 21.851 21.867 21.834 21.737 21.634 21.505 21.458 21.44 21.378 21.342 21.262 21.216 21.114 21.009 20.963 20.842 20.775 20.714 20.645 20.532 20.429 20.299 20.193 20.129 20.028 19.908 19.852 19.735 19.659 19.525 19.317 19.285 19.521 19.576 19.615 -9999 -9999 -9999 -9999 -9999 -9999 -9999 -9999 -9999 -9999 -9999 -9999 -9999 -9999 -9999 -9999 -9999 -9999 -9999 -9999 -9999
-9999 23.035 22.977 22.922 22.896 22.835 22.748 22.756 22.709 22.612 22.553 22.494 22.403 22.331 22.313 22.221 22.096 22.031 21.915 21.917 21.85 21.827 21.785 21.648 21.589 21.534 21.486 21.411 21.398 21.368 21.237 21.132 21.075 21.001 20.898 20.835 20.822 20.68 20.625 20.475 20.379 20.266 20.216 20.144 19.976 19.872 19.725 19.639 19.531 19.278 19.427 19.409 19.269 19.267 19.308 19.368 -9999 -9999 -9999 -9999 -9999 -9999 -9999 -9999 -9999 -9999 -9999 -9999 -9999 -9999 -9999 -9999 -9999 -9999 -9999
-9999 22.939 22.904 22.881 22.899 22.797 22.756 22.776 22.695 22.59 22.571 22.557 22.465 22.332 22.296 22.257 22.157 22.087 21.985 21.95 21.884 21.866 21.818 21.701 21.613 21.591 21.501 21.465 21.428 21.361 21.303 21.257 21.176 21.077 20.954 20.916 20.867 20.859 20.699 20.58 20.493 20.329 20.268 20.247 20.118 19.971 19.852 19.712 19.596 19.534 19.455 19.364 19.295 19.168 19.092 19.046 19.191 19.233 -9999 -9999 -9999 -9999 -9999 -9999 -9999 -9999 -9999 -9999 -9999 -9999 -9999 -9999 -9999 -9999 -9999
-9999 22.958 22.964 22.895 22.869 22.809 22.752 22.752 22.714 22.661 22.601 22.536 22.45 22.379 22.296 22.283 22.228 22.142 22.045 21.998 21.936 21.928 21.836 21.758 21.693 21.625 21.589 21.535 21.433 21.393 21.287 21.262 21.169 21.055 20.97 20.96 20.954 20.854 20.728 20.643 20.53 20.42 20.328 20.318 20.18 20.024 19.872 19.73 19.639 19.566 19.455 19.34 19.298 19.211 19.127 18.989 18.887 18.865 19.068 19.06 -9999 -9999 -9999 -9999 -9999 -9999 -9999 -9999 -9999 -9999 -9999 -9999 -9999 -9999 -9999
-9999 22.992 22.979 22.933 22.883 22.859 22.727 22.744 22.753 22.669 22.589 22.537 22.424 22.422 22.391 22.354 22.25 22.167 22.138 22.11 21.956 21.927 21.899 21.826 21.782 21.722 21.695 21.594 21.514 21.432 21.381 21.315 21.21 21.124 21.028 21.036 21.018 20.952 20.831 20.721 20.64 20.548 20.38 20.349 20.258 20.084 19.949 19.838 19.743 19.632 19.527 19.406 19.294 19.257 19.143 18.987 18.836 18.688 18.634 18.759 18.763 -9999 -9999 -9999 -9999 -9999 -9999 -9999 -9999 -9999 -9999 -9999 -9999 -9999 -9999
-9999 22.999 22.985 22.923 22.906 22.859 22.775 22.787 22.735 22.633 22.574 22.555 22.533 22.444 22.427 22.358 22.257 22.187 22.146 22.095 21.991 21.966 21.922 21.864 21.833 21.814 21.781 21.644 21.536 21.481 21.437 21.38 21.242 21.18 21.11 21.094 21.062 20.976 20.869 20.817 20.712 20.71 20.491 20.41 20.33 20.167 20.004 19.901 19.801 19.774 19.655 19.526 19.408 19.271 19.191 19.046 18.844 18.684 18.568 18.471 18.566 17.18 -9999 -9999 -9999 -9999 -9999 -9999 -9999 -9999 -9999 -9999 -9999 -9999 -9999
-9999 23.085 23.049 22.96 22.931 22.862 22.835 22.771 22.75 22.685 22.7 22.644 22.569 22.544 22.446 22.396 22.323 22.223 22.175 22.113 22.026 22.005 21.972 21.864 21.826 21.855 21.805 21.693 21.582 21.5 21.48 21.341 21.285 21.192 21.14 21.118 21.038 20.935 20.931 20.885 20.783 20.718 20.569 20.475 20.395 20.23 20.089 19.966 19.832 19.784 19.664 19.581 19.504 19.391 19.219 19.149 18.99 18.808 18.667 18.515 18.43 18.601 -9999 -9999 -9999 -9999 -9999 -9999 -9999 -9999 -9999 -9999 -9999 -9999 -9999
-9999 23.093 23.003 22.995 22.935 22.925 22.878 22.814 22.798 22.728 22.706 22.637 22.61 22.575 22.523 22.424 22.363 22.294 22.182 22.102 22.052 22.014 21.977 21.892 21.842 21.894 21.804 21.729 21.639 21.589 21.5 21.371 21.387 21.303 21.196 21.166 21.081 21.079 20.995 20.975 20.868 20.724 20.602 20.501 20.428 20.279 20.142 20.059 19.917 19.818 19.708 19.507 19.566 19.429 19.231 19.156 19.006 18.854 18.684 18.534 18.381 18.428 18.452 -9999 -9999 -9999 -9999 -9999 -9999 -9999 -9999 -9999 -9999 -9999 -9999
-9999 23.084 23.054 23.038 22.973 22.96 22.887 22.795 22.838 22.813 22.816 22.641 22.574 22.594 22.486 22.434 22.335 22.215 22.173 22.108 22.037 22.032 21.969 21.965 21.936 21.903 21.857 21.823 21.733 21.63 21.549 21.417 21.462 21.443 21.307 21.25 21.192 21.134 21.072 20.988 20.905 20.783 20.697 20.548 20.499 20.429 20.293 20.188 20.021 19.985 19.835 19.726 19.641 19.526 19.355 19.278 19.117 18.966 18.812 18.664 18.496 18.278 18.207 18.118 -9999 -9999 -9999 -9999 -9999 -9999 -9999 -9999 -9999 -9999 -9999
-9999 23.083 23.08 23.054 23.019 22.949 22.924 22.835 22.772 22.788 22.804 22.728 22.62 22.56 22.51 22.466 22.392 22.292 22.24 22.138 22.057 22.056 22.054 22.046 21.983 21.934 21.897 21.902 21.811 21.629 21.582 21.524 21.514 21.488 21.391 21.331 21.204 21.142 21.09 20.99 20.941 20.828 20.698 20.621 20.546 20.529 20.361 20.237 20.07 19.993 19.859 19.83 19.693 19.557 19.444 19.366 19.247 19.086 18.921 18.786 18.612 18.42 18.158 18.001 18.329 -9999 -9999 -9999 -9999 -9999 -9999 -9999 -9999 -9999 -9999
-9999 23.098 23.104 23.036 23.01 22.972 22.938 22.886 22.826 22.738 22.729 22.73 22.671 22.596 22.526 22.518 22.365 22.371 22.311 22.247 22.159 22.133 22.172 22.117 22.051 21.968 21.963 21.882 21.847 21.78 21.601 21.574 21.552 21.51 21.511 21.386 21.251 21.264 21.145 21.061 20.973 20.902 20.821 20.663 20.631 20.467 20.426 20.32 20.185 20.038 19.929 19.846 19.754 19.659 19.518 19.414 19.288 19.154 18.971 18.847 18.673 18.462 18.201 17.922 18.019 -9999 -9999 -9999 -9999 -9999 -9999 -9999 -9999 -9999 -9999
-9999 23.124 23.087 23.002 22.933 22.953 22.97 22.922 22.836 22.774 22.753 22.78 22.727 22.62 22.539 22.422 22.399 22.377 22.288 22.216 22.173 22.184 22.217 22.162 22.043 21.982 21.927 21.884 21.825 21.768 21.7 21.646 21.612 21.514 21.54 21.404 21.306 21.26 21.223 21.162 21.058 20.971 20.846 20.746 20.634 20.554 20.48 20.392 20.241 20.138 20.05 19.905 19.789 19.742 19.621 19.506 19.414 19.274 19.142 19.001 18.829 18.6 18.34 18.046 17.842 17.962 -9999 -9999 -9999 -9999 -9999 -9999 -9999 -9999 -9999
-9999 23.149 23.085 23.067 22.983 22.975 22.981 22.96 22.894 22.878 22.824 22.814 22.778 22.702 22.594 22.486 22.48 22.407 22.333 22.269 22.194 22.24 22.193 22.179 22.094 22.038 21.943 21.878 21.848 21.827 21.789 21.736 21.656 21.6 21.514 21.446 21.369 21.294 21.252 21.178 21.102 21.009 20.917 20.795 20.656 20.606 20.5 20.484 20.384 20.348 20.169 20.037 19.923 19.803 19.675 19.583 19.47 19.382 19.213 19.132 18.981 18.742 18.53 18.245 17.913 17.896 -9999 -9999 -9999 -9999 -9999 -9999 -9999 -9999 -9999
-9999 23.166 23.106 23.064 23.076 23 23 22.931 22.852 22.843 22.823 22.812 22.799 22.672 22.612 22.571 22.524 22.458 22.358 22.237 22.231 22.22 22.246 22.203 22.153 22.133 22.032 21.978 21.946 21.871 21.822 21.795 21.722 21.637 21.637 21.582 21.429 21.344 21.299 21.305 21.216 21.116 20.963 20.9 20.81 20.666 20.564 20.565 20.44 20.363 20.256 20.125 20.017 19.904 19.724 19.684 19.544 19.459 19.294 19.149 18.998 18.792 18.585 18.281 17.966 18.148 -9999 -9999 -9999 -9999 -9999 -9999 -9999 -9999 -9999
-9999 23.173 23.105 23.084 23.07 22.972 22.964 22.929 22.826 22.844 22.893 22.835 22.774 22.667 22.62 22.59 22.576 22.473 22.414 22.284 22.194 22.247 22.237 22.25 22.18 22.128 22.089 21.984 21.916 21.888 21.853 21.818 21.739 21.741 21.692 21.633 21.504 21.457 21.366 21.365 21.321 21.208 21.079 20.895 20.847 20.768 20.69 20.612 20.526 20.476 20.378 20.243 20.102 19.962 19.808 19.748 19.607 19.496 19.402 19.233 19.082 18.922 18.736 18.474 18.184 17.93 17.911 -9999 -9999 -9999 -9999 -9999 -9999 -9999 -9999
-9999 23.214 23.136 23.055 23.094 23.072 23.005 22.932 22.878 22.838 22.866 22.856 22.812 22.673 22.669 22.571 22.545 22.52 22.497 22.405 22.287 22.311 22.266 22.25 22.22 22.146 22.162 22.085 22.001 21.962 21.85 21.845 21.818 21.759 21.706 21.66 21.568 21.484 21.463 21.403 21.391 21.274 21.172 20.992 20.856 20.801 20.734 20.63 20.631 20.546 20.487 20.348 20.139 20.008 19.909 19.843 19.782 19.608 19.486 19.316 19.19 19.034 18.831 18.619 18.339 18.13 17.858 17.935 -9999 -9999 -9999 -9999 -9999 -9999 -9999
-9999 23.208 23.145 23.118 23.124 23.079 23.057 23.024 22.932 22.854 22.796 22.85 22.756 22.698 22.679 22.62 22.577 22.575 22.492 22.427 22.422 22.404 22.332 22.281 22.203 22.152 22.15 22.096 22.046 22.004 21.967 21.898 21.89 21.773 21.68 21.654 21.657 21.586 21.554 21.484 21.426 21.395 21.251 21.189 21.036 20.964 20.85 20.733 20.698 20.605 20.556 20.468 20.338 20.154 20.032 19.898 19.885 19.764 19.63 19.5 19.316 19.136 18.952 18.737 18.52 18.251 17.994 18.062 -9999 -9999 -9999 -9999 -9999 -9999 -9999
-9999 23.216 23.169 23.165 23.149 23.134 23.085 23.075 22.982 22.958 22.895 22.847 22.803 22.775 22.695 22.652 22.594 22.553 22.492 22.453 22.423 22.429 22.366 22.323 22.273 22.236 22.176 22.113 22.062 22.071 21.991 21.933 21.836 21.752 21.691 21.689 21.634 21.592 21.511 21.481 21.363 21.354 21.272 21.222 21.145 20.969 20.899 20.826 20.72 20.677 20.587 20.561 20.427 20.264 20.136 19.978 19.963 19.828 19.725 19.627 19.443 19.281 19.061 18.868 18.689 18.447 18.199 18.144 17.524 -9999 -9999 -9999 -9999 -9999 -9999
-9999 23.137 23.135 23.126 23.159 23.084 23.042 23.019 23.005 22.973 22.959 22.875 22.859 22.815 22.732 22.661 22.61 22.566 22.537 22.483 22.417 22.443 22.434 22.362 22.356 22.278 22.23 22.172 22.148 22.082 21.986 21.961 21.893 21.822 21.814 21.803 21.685 21.65 21.581 21.508 21.438 21.385 21.332 21.252 21.135 21.072 20.986 20.885 20.765 20.72 20.638 20.542 20.478 20.295 20.225 20.112 20.004 19.83 19.713 19.633 19.528 19.309 19.188 18.981 18.82 18.594 18.391 18.209 18.369 -9999 -9999 -9999 -9999 -9999 -9999
-9999 23.186 23.172 23.151 23.172 23.143 23.097 23.026 23.025 23.02 22.96 22.918 22.834 22.85 22.808 22.687 22.636 22.571 22.565 22.476 22.448 22.451 22.446 22.383 22.378 22.311 22.242 22.234 22.159 22.103 22.011 22.008 21.923 21.868 21.813 21.797 21.75 21.666 21.609 21.492 21.462 21.418 21.366 21.293 21.246 21.163 21.07 20.978 20.832 20.753 20.718 20.598 20.564 20.53 20.39 20.224 20.155 20.015 19.946 19.764 19.668 19.5 19.302 19.099 18.955 18.757 18.567 18.339 18.265 18.221 -9999 -9999 -9999 -9999 -9999
-9999 23.23 23.189 23.159 23.147 23.111 23.024 23.016 23.023 22.987 22.972 22.942 22.874 22.846 22.778 22.719 22.68 22.654 22.587 22.5 22.517 22.523 22.478 22.457 22.419 22.395 22.304 22.209 22.196 22.141 22.099 22.051 21.956 21.919 21.83 21.837 21.789 21.714 21.664 21.548 21.487 21.441 21.41 21.377 21.303 21.194 21.101 21.028 20.851 20.766 20.784 20.653 20.554 20.524 20.465 20.24 20.227 20.095 19.967 19.883 19.804 19.598 19.372 19.259 19.054 18.926 18.737 18.555 18.382 18.321 18.525 -9999 -9999 -9999 -9999
-9999 23.19 23.188 23.136 23.182 23.137 23.057 22.992 22.981 22.987 22.937 22.91 22.884 22.842 22.83 22.81 22.765 22.693 22.6 22.56 22.552 22.562 22.543 22.538 22.519 22.407 22.336 22.235 22.153 22.179 22.144 22.022 21.992 21.994 21.876 21.858 21.861 21.799 21.765 21.646 21.543 21.555 21.476 21.426 21.418 21.305 21.176 21.121 20.995 20.916 20.84 20.772 20.65 20.529 20.527 20.343 20.252 20.114 20.05 19.928 19.838 19.577 19.462 19.294 19.124 19.005 18.842 18.711 18.52 18.392 18.322 18.496 -9999 -9999 -9999
-9999 23.22 23.169 23.192 23.186 23.135 23.095 23.055 22.998 22.975 22.972 22.893 22.858 22.839 22.862 22.9 22.838 22.739 22.722 22.612 22.628 22.571 22.564 22.561 22.55 22.454 22.334 22.296 22.238 22.211 22.18 22.121 22.036 22.004 21.984 21.915 21.885 21.876 21.797 21.703 21.626 21.577 21.549 21.538 21.478 21.378 21.3 21.186 21.086 20.968 20.915 20.826 20.746 20.633 20.502 20.451 20.365 20.139 20.048 19.977 19.923 19.714 19.598 19.406 19.258 19.135 18.977 18.84 18.692 18.512 18.375 18.181 18.288 -9999 -9999
